FISH FARM INTERNATIONAL AS
Produks jo ns plan
IB og S nitt 
jan 
feb 
mar 
apr 
mai 
jun 
jul 
aug 
sep 
okt 
nov 
des
Biomasse tonn UB 
9 215 
9 470 
9 990 
9 606 
10 724 
9 840 
9 128 
4 099 
5 055 
6 793 
8 444 
8 936 
9 215
Antall G.høst 
2 355 000 2 1 52 500 1 950 000 1 747 500 1 545 000 1 160 000 
785 000 
0 
0 
0 
0 
0 
0
S nittvekt G 
3,50 
3,80 
4,30 
4,40 
5,50 
6,30 
7,20 
8,00 
0,00 
0,00 
0,00 
0,00 
0,00
Antall G.Høst 
3 240 000 3 225 000 3 210 000 3 195 000 3 180 000 3 165 000 3 160 000 3 1 53 000 3 150 000 3 150 000 2 885 000 2 620 000 2 355 000
S nittvekt G 
0,30 
0,40 
0,50 
0,60 
0,70 
0,80 
1,10 
1,30 
1,50 
2,00 
2,70 
3,1 0 
3,50
Antall G.Sommer 
0 
0 
0 
0 
0 
0 
0 
0 
0 
0 
0 
0 
0
S nittvekt G 
0,00 
0,00 
0,00 
0,00 
0,00 
0,00 
0,00 
0,00 
0,00 
0,00 
0,00 
0,00 
0,00
Antall G .Høst 
0 
0 
0 
0 
0 
0 
0 
0 3 300 000 3 285 000 3 270 000 3 255 000 3 240 000
S nittvekt G 
0,00 
0,00 
0,00 
0,00 
0,00 
0,00 
0,00 
0,00 
0,10 
0,1 5 
0,20 
0,25 
0,30
S jøvann forbruk pr min/m3 
0
S jø temperatur i C 
8,29 
6,00 
5,00 
4,50 
5,00 
6,50 
8,00 
1 0,50 
13,00 
12,50 
11,00 
9,50 
8,00
Fôrforbruk 
0 
0 
0 
0 
0 
0 
0 
0 
0 
0 
0 
0 
0
Antall solgt 
3 000 000 
187 500 
187 500 
187 500 
187 500 
375 000 
375 000 
750 000 
0 
0 
250 000 
250 000 
250 000
Solgt levende vekt 
19 050 000 1 031 250 1 031 250 1 181 250 1 181 250 2 700 000 2 700 000 6 000 000 
0 
0 1 075 000 1 075 000 1 075 000
Salgs pris 
50 
50 
50 
50 
50 
50 
50 
50 
50 
50 
50 
50 
50
År: 
1 
1 
1 
1 
1 
2 
2 
2 
2 
2 
2 
2 
2 
2 
2 
2 
2 
3 
3 
3 
3 
3 
3
Måned: 
Aug 
Se p 
Okt 
Nov 
Des 
Jan 
Feb 
Mar 
Apr 
Mai 
Jun 
Jul 
Aug 
Sep 
Okt 
Nov 
Des 
Jan 
Feb 
Mar 
Apr 
Mai 
Jun
Antall: 
3 300 000 3 285 000 3 270 000 3 255 000 3 240 000 3 225 000 3 210 000 3 195 000 3 180 000 3 1 65 000 3 225 000 3 153 000 3 150 000 3 150 000 2 885 000 2 620 000 2 355 000 2 152 500 1 950 000 1 747 500 1 545 000 1 160 000 
785 000
S nittvekt: 
0,1 
0,15 
0,2 
0,25 
0,3 
0,4 
0,5 
0,6 
0,7 
0,8 
1,1 
1,3 
1,5 
2 
2,7 
3,1 
3,5 
3,8 
4,3 
4,4 
5,5 
6,3 
7,2
Tonn: 
330 
493 
654 
81 4 
972 
1 290 
1 605 
1 917 
2 226 
2 532 
3 548 
4 099 
4 725 
6 300 
7 790 
8 122 
8 243 
8 180 
8 385 
7 689 
8 498 
7 308 
5 652
Oksygenforbruk (mg/kg/min): 
4,53 
4,00 
3,33 
2,33 
2,30 
2,26 
2,05 
1,74 
1,83 
2,35 
2,44 
2,40 
2,80 
2,74 
2,41 
2,05 
1,41 
1,60 
1,48 
1,27 
1,11 
1,32 
1,43
Raceway x 5 (m3): 
kg/m3: 
10,3 
15,4 
20,4 
25,4 
30,4 
40,3 
50,2 
30,0 
34,8 
39,6 
55,4 
61,2 
46,3 
61,8 
76,4 
79,6 
80,8 
80,2 
82,2 
75,4 
83,3 
71,6 
55,4
Temperatur: 
13 
12,5 
11 
9,5 
8 
6 
5 
4,5 
5 
6,5 
8 
10,5 
13 
12,5 
11 
9,5 
8 
6 
5 
4,5 
5 
6,5 
8
Vannflow pr. basseng (liter/min): 
584 000 
584 000 
584 000 
584 000 
584 000 
584 000 
584 000 1 168 000 1 168 000 1 168 000 1 168 000 1 168 000 1 752 000 1 752 000 1 752 000 1 752 000 1 752 000 1 752 000 1 752 000 1 752 000 1 752 000 1 752 000 1 752 000
CO2 i utløp (mg/liter): 
4,3 
1,7 
2 
2 
2,1 
3,2 
3,7 
2,2 
2,7 
3,7 
3,7 
3,1 
5,4 
8,1 
5,1 
7,6 
5,1 
6,1 
4,5 
4,3 
4,1 
4,1 
7,9
Oksygenbehov (g/min): 
Oksygen fra s jø (g/min): 
1 242 
1 255 
1 296 
1 385 
1 385 
1 451 
1 486 
3 008 
2 972 
2 868 
2 868 
2 472 
3 748 
3 788 
3 912 
4 043 
4 182 
4 380 
4 486 
4 542 
4 486 
4 329 
4 163
Oksygenerings behov (kg/time): 
24 
55 
64 
39 
66 
102 
121 
24 
78 
165 
392 
505 
654 
931 
826 
664 
507 
493 
545 
357 
340 
365 
272
BASS ENG 1. Kar 1+2. 32 000 m3 
X 
X 
X 
X 
X 
X 
X 
X 
X 
X 
X
BASS ENG 2. Kar 3+4. 32 000 m3 
X 
X 
X 
X 
X 
X 
X 
X 
X 
X 
X 
X 
X 
X 
X 
X
BASS ENG 3. Kar 5+6. 35 000 m3 
X 
X 
X 
X 
X 
X 
X 
X 
X 
X 
X 
X
BASS ENG 4. Kar 7+8. 35 000 m3 
X 
X 
X 
X 
X 
X 
X 
X 
X 
X 
X
34 promille s jøvann.
Co2 s kal ikke overstige 15 mg/liter.
Dimens joner oppdretts volum 134 000 m3.
Oksygen i utløp er 75 %
Oksygen i innløp er 100 %.
Effekt oksygen 90 %.