Lokalitet
Status
Des '24
Jan '25
Feb '25
Mar '25
Apr '25
Mai '25
Jun '25
Jul '25
Aug '25
Sep '25
Okt '25
Nov '25
Des '25
Jan '26
Total
KN01 Tank 1
-
0
0
0
0
0
5 297
14 187
47 906
66 149
68 952
70 588
65 878
45 023
64 891
448 871
KN02 Tank 2
-
0
0
0
0
0
0
0
28 960
51 039
56 170
59 185
56 320
37 806
54 479
343 960
KN03 Tank 3
-
0
0
0
0
0
0
0
0
15 656
33 565
38 307
38 448
24 647
35 455
186 079
KN04 Tank 4
-
0
0
0
0
0
0
0
0
0
0
18 607
37 585
19 635
27 026
102 853
KN05 Tank 5
-
0
0
0
0
0
0
0
0
0
0
0
0
0
0
0
KN06 Tank 6
-
0
0
0
0
0
0
0
0
0
0
0
0
0
0
0
KN07 Tank 7
-
0
0
0
0
0
0
0
0
0
0
0
0
0
0
0
KN08 Tank 8
-
0
0
0
0
0
0
0
0
0
0
0
0
0
0
0
KN09 Tank 9
-
0
0
0
0
0
0
0
0
0
0
0
0
0
0
0
KN10 Tank 10
-
0
0
0
0
0
0
0
0
0
0
0
0
0
0
0
KN11 Tank 11
-
0
0
0
0
0
0
0
0
0
0
0
0
0
0
0
KN12 Tank 12
-
0
0
0
0
0
0
0
0
0
0
0
0
0
0
0
KN14 Tank 14
-
0
0
0
0
0
6 357
17 025
57 488
79 379
82 742
84 708
79 099
54 025
77 864
538 686
Total
0
0
0
0
0
11 654
31 212
134 354
212 223
241 429
271 394
277 330
181 136
259 716
1 620 448
Lokalitet
Status
Des '25
Jan '26
Feb '26
Mar '26
Apr '26
Mai '26
Jun '26
Jul '26
Aug '26
Sep '26
Okt '26
Nov '26
Des '26
Jan '27
Total
KN01 Tank 1
-
45 023
64 891
72 230
102 606
117 519
82 925
72 928
47 390
100 881
95 919
93 280
83 976
59 505
54 240
1 093 313
KN02 Tank 2
-
37 806
54 479
61 833
89 826
104 711
108 492
97 069
101 624
84 312
93 047
90 468
81 426
57 667
66 295
1 129 055
KN03 Tank 3
-
24 647
35 455
42 090
64 782
79 003
84 184
79 519
142 037
107 556
76 331
69 441
81 426
57 667
65 540
1 009 679
KN04 Tank 4
-
19 635
27 026
35 767
65 513
91 927
107 447
120 179
246 329
180 024
93 047
30 173
72 242
43 426
61 974
1 194 709
KN05 Tank 5
-
0
0
0
0
0
5 297
14 187
47 906
66 149
68 952
70 588
65 878
45 023
64 891
448 871
KN06 Tank 6
-
0
0
0
0
0
0
6 123
40 638
58 649
62 653
64 988
61 194
41 450
59 790
395 484
KN07 Tank 7
-
0
0
0
0
0
0
0
28 960
51 039
56 170
59 185
56 320
37 806
54 479
343 960
KN08 Tank 8
-
0
0
0
0
0
0
0
0
0
0
0
0
0
0
0
KN09 Tank 9
-
0
0
0
0
0
0
0
0
0
0
0
0
0
0
0
KN10 Tank 10
-
0
0
0
0
0
0
0
0
0
0
0
0
0
0
0
KN11 Tank 11
-
0
0
0
0
0
0
0
0
0
0
0
0
0
0
0
KN12 Tank 12
-
0
0
0
0
0
0
0
0
0
0
0
0
0
0
0
KN14 Tank 14
-
54 025
77 864
86 670
123 117
141 008
144 523
80 837
146 035
147 457
-445
12 460
24 303
13 898
19 621
1 071 371
Total
181 136
259 716
298 589
445 845
534 167
532 867
470 843
800 919
796 066
545 674
490 582
526 764
356 443
446 830
6 686 441
Lokalitet
Status
Des '26
Jan '27
Feb '27
Mar '27
Apr '27
Mai '27
Jun '27
Jul '27
Aug '27
Sep '27
Okt '27
Nov '27
Des '27
Jan '28
Total
KN01 Tank 1
-
59 505
54 240
63 290
85 792
49 265
51 358
61 578
116 744
131 793
122 517
90 323
39 661
36 562
54 423
1 017 050
KN02 Tank 2
-
57 667
66 295
61 678
83 577
44 904
36 799
59 731
113 278
127 920
118 929
73 519
43 477
27 255
52 784
967 814
KN03 Tank 3
-
57 667
65 540
61 713
83 619
44 924
25 614
59 731
113 279
127 921
118 929
103 237
54 712
18 943
52 784
988 613
KN04 Tank 4
-
43 426
61 974
77 217
127 023
163 370
66 331
19 142
103 938
153 684
166 440
173 901
164 556
28 205
0
1 349 208
KN05 Tank 5
-
45 023
64 891
72 230
102 606
117 519
86 310
72 603
121 171
8 285
73 357
76 324
70 383
48 619
70 090
1 029 409
KN06 Tank 6
-
41 450
59 790
67 140
96 376
111 293
114 647
65 757
118 079
95 091
54 093
74 046
68 268
47 136
67 959
1 081 123
KN07 Tank 7
-
37 806
54 479
61 833
89 826
104 711
108 492
76 482
114 235
124 112
9 700
74 047
68 268
47 136
67 959
1 039 086
KN08 Tank 8
-
0
0
0
0
0
24 882
60 079
169 878
221 166
93 221
20 038
40 476
21 146
29 105
679 991
KN09 Tank 9
-
0
0
0
0
0
5 297
14 187
47 906
66 149
68 952
70 588
65 878
45 023
64 891
448 871
KN10 Tank 10
-
0
0
0
0
0
0
6 123
40 638
58 649
62 653
64 988
61 194
41 450
59 790
395 484
KN11 Tank 11
-
0
0
0
0
0
0
0
28 960
51 039
56 170
59 185
56 320
37 806
54 479
343 960
KN12 Tank 12
-
0
0
0
0
0
0
0
0
0
0
0
0
0
0
0
KN14 Tank 14
-
13 898
19 621
25 115
43 132
57 451
64 797
67 876
133 916
153 382
143 817
138 699
124 091
62 946
88 924
1 137 664
Total
356 443
446 830
490 215
711 951
693 436
584 527
563 290
1 222 022
1 319 191
1 088 777
1 018 895
857 282
462 228
663 186
10 478 273
Lokalitet
Status
Des '27
Jan '28
Feb '28
Mar '28
Apr '28
Mai '28
Jun '28
Jul '28
Aug '28
Sep '28
Okt '28
Nov '28
Des '28
Jan '29
Total
KN01 Tank 1
-
36 562
54 423
63 934
90 286
103 217
106 564
73 628
110 750
62 493
64 822
80 872
74 189
51 509
42 652
1 015 901
Årlig Produksjon
KN02 Tank 2
-
27 255
52 784
62 011
87 632
100 188
103 446
65 018
107 425
116 560
39 848
78 456
71 958
49 936
41 333
1 003 850
KN03 Tank 3
-
18 943
52 784
62 011
87 632
100 188
103 446
58 706
107 429
116 564
81 332
50 125
71 958
49 936
41 334
1 002 387
KN04 Tank 4
-
28 205
0
0
0
0
30 961
71 408
188 285
239 295
165 551
28 331
31 933
15 355
11 466
810 791
KN05 Tank 5
-
48 619
70 090
80 163
109 621
78 068
85 840
24 385
93 110
109 081
103 647
100 750
90 668
64 246
53 321
1 111 609
KN06 Tank 6
-
47 136
67 959
77 801
106 393
92 662
83 241
54 176
71 001
105 894
100 627
97 825
88 045
62 404
51 803
1 106 967
KN07 Tank 7
-
47 136
67 959
77 801
106 393
92 662
83 242
71 866
81 826
75 025
100 627
97 825
88 045
62 404
51 803
1 104 616
KN08 Tank 8
-
21 146
29 105
40 317
72 974
100 175
116 931
127 234
109 753
30 869
0
21 470
43 367
22 657
17 451
753 449
KN09 Tank 9
-
45 023
64 891
75 194
104 444
117 970
78 599
73 071
84 199
21 309
81 292
81 763
75 390
52 067
43 079
998 291
KN10 Tank 10
-
41 450
59 790
69 910
98 161
111 753
115 077
64 973
118 352
10 728
78 910
79 373
73 192
50 557
41 836
1 014 060
KN11 Tank 11
-
37 806
54 479
64 400
91 552
105 179
108 931
71 811
114 518
92 548
44 802
79 373
73 192
50 557
41 836
1 030 984
KN12 Tank 12
-
0
0
0
0
0
26 659
64 370
182 015
213 054
34 109
50 125
60 818
34 802
27 640
693 593
KN14 Tank 14
-
62 946
88 924
97 989
92 797
0
7 849
20 173
63 231
85 213
87 636
89 067
82 759
56 781
46 948
882 313
Total
462 228
663 186
771 530
1 047 885
1 002 063
1 050 787
840 818
1 431 895
1 278 632
983 202
935 354
925 515
623 211
512 504
12 528 810
Lokalitet
Status
Des '24
Jan '25
Feb '25
Mar '25
Apr '25
Mai '25
Jun '25
Jul '25
Aug '25
Sep '25
Okt '25
Nov '25
Des '25
Jan '26
KN01 Tank 1
-
0
0
0
0
0
146
204
398
666
948
1 238
1 511
1 700
1 971
KN02 Tank 2
-
0
0
0
0
0
0
0
241
447
675
916
1 148
1 305
1 531
KN03 Tank 3
-
0
0
0
0
0
0
0
0
188
323
479
636
738
884
KN04 Tank 4
-
0
0
0
0
0
0
0
0
0
0
129
187
218
261
KN05 Tank 5
-
0
0
0
0
0
0
0
0
0
0
0
0
0
0
KN06 Tank 6
-
0
0
0
0
0
0
0
0
0
0
0
0
0
0
KN07 Tank 7
-
0
0
0
0
0
0
0
0
0
0
0
0
0
0
KN08 Tank 8
-
0
0
0
0
0
0
0
0
0
0
0
0
0
0
KN09 Tank 9
-
0
0
0
0
0
0
0
0
0
0
0
0
0
0
KN10 Tank 10
-
0
0
0
0
0
0
0
0
0
0
0
0
0
0
KN11 Tank 11
-
0
0
0
0
0
0
0
0
0
0
0
0
0
0
KN12 Tank 12
-
0
0
0
0
0
0
0
0
0
0
0
0
0
0
KN14 Tank 14
-
0
0
0
0
0
146
204
398
666
948
1 238
1 511
1 700
1 971
Total
0
0
0
0
0
146
204
349
499
733
652
819
930
1 088
Lokalitet
Status
Des '25
Jan '26
Feb '26
Mar '26
Apr '26
Mai '26
Jun '26
Jul '26
Aug '26
Sep '26
Okt '26
Nov '26
Des '26
Jan '27
KN01 Tank 1
-
1 700
1 971
2 274
2 705
3 200
3 619
4 064
1 333
1 808
2 263
2 708
3 112
3 403
3 722
KN02 Tank 2
-
1 305
1 531
1 789
2 163
2 601
3 057
3 468
4 071
1 808
2 263
2 708
3 112
3 403
3 746
KN03 Tank 3
-
738
884
1 059
1 327
1 655
2 007
2 341
2 937
3 466
0
2 708
3 112
3 403
3 749
KN04 Tank 4
-
218
261
318
421
567
737
929
1 333
1 808
2 263
263
367
431
522
KN05 Tank 5
-
0
0
0
0
0
146
204
398
666
948
1 238
1 511
1 700
1 971
KN06 Tank 6
-
0
0
0
0
0
0
150
313
551
806
1 072
1 324
1 498
1 747
KN07 Tank 7
-
0
0
0
0
0
0
0
241
447
675
916
1 148
1 305
1 531
KN08 Tank 8
-
0
0
0
0
0
0
0
0
0
0
0
0
0
0
KN09 Tank 9
-
0
0
0
0
0
0
0
0
0
0
0
0
0
0
KN10 Tank 10
-
0
0
0
0
0
0
0
0
0
0
0
0
0
0
KN11 Tank 11
-
0
0
0
0
0
0
0
0
0
0
0
0
0
0
KN12 Tank 12
-
0
0
0
0
0
0
0
0
0
0
0
0
0
0
KN14 Tank 14
-
1 700
1 971
2 274
2 705
3 200
3 710
4 069
4 808
5 559
0
192
274
321
388
Total
930
1 088
1 270
1 543
1 870
1 868
1 805
1 729
1 864
1 475
1 155
1 382
1 538
1 568
Lokalitet
Status
Des '26
Jan '27
Feb '27
Mar '27
Apr '27
Mai '27
Jun '27
Jul '27
Aug '27
Sep '27
Okt '27
Nov '27
Des '27
Jan '28
KN01 Tank 1
-
3 403
3 722
4 163
4 761
0
1 328
1 597
2 106
2 683
3 224
3 646
0
1 404
1 642
KN02 Tank 2
-
3 403
3 746
4 188
4 788
0
1 328
1 597
2 106
2 683
3 224
3 641
0
1 404
1 642
KN03 Tank 3
-
3 403
3 749
4 192
4 792
0
1 328
1 597
2 106
2 683
3 224
3 697
4 061
1 404
1 642
KN04 Tank 4
-
431
522
635
821
1 061
0
128
277
500
741
996
1 238
0
0
KN05 Tank 5
-
1 700
1 971
2 274
2 705
3 200
3 583
4 026
4 763
0
1 215
1 545
1 851
2 066
2 375
KN06 Tank 6
-
1 498
1 747
2 027
2 430
2 897
3 381
3 724
4 439
0
1 215
1 545
1 851
2 066
2 375
KN07 Tank 7
-
1 305
1 531
1 789
2 163
2 601
3 057
3 383
4 071
4 823
1 215
1 545
1 851
2 066
2 375
KN08 Tank 8
-
0
0
0
0
0
236
323
568
890
0
129
187
218
261
KN09 Tank 9
-
0
0
0
0
0
146
204
398
666
948
1 238
1 511
1 700
1 971
KN10 Tank 10
-
0
0
0
0
0
0
150
313
551
806
1 072
1 324
1 498
1 747
KN11 Tank 11
-
0
0
0
0
0
0
0
241
447
675
916
1 148
1 305
1 531
KN12 Tank 12
-
0
0
0
0
0
0
0
0
0
0
0
0
0
0
KN14 Tank 14
-
321
388
474
622
819
1 043
1 278
1 742
2 275
2 778
3 267
3 708
3 965
4 422
Total
1 538
1 568
1 800
2 138
1 801
1 387
1 109
1 382
1 428
1 598
1 524
1 516
1 476
1 702
Snittvekt  slutt
Lokalitet
Status
Des '27
Jan '28
Feb '28
Mar '28
Apr '28
Mai '28
Jun '28
Jul '28
Aug '28
Sep '28
Okt '28
Nov '28
Des '28
Jan '29
KN01 Tank 1
-
1 404
1 642
1 923
2 319
2 774
3 247
3 582
4 287
0
1 366
1 716
2 039
2 267
2 457
KN02 Tank 2
-
1 404
1 642
1 923
2 319
2 774
3 247
3 583
4 287
5 054
1 366
1 716
2 039
2 267
2 457
KN03 Tank 3
-
1 404
1 642
1 923
2 319
2 774
3 247
3 584
4 288
5 055
0
1 716
2 039
2 267
2 457
KN04 Tank 4
-
0
0
0
0
0
295
398
670
1 018
1 366
0
146
169
186
KN05 Tank 5
-
2 066
2 375
2 728
3 212
3 642
4 188
941
1 346
1 824
2 280
2 727
3 132
3 424
3 670
KN06 Tank 6
-
2 066
2 375
2 728
3 212
3 643
4 189
0
1 346
1 824
2 280
2 727
3 132
3 424
3 670
KN07 Tank 7
-
2 066
2 375
2 728
3 212
3 643
4 189
4 665
0
1 824
2 280
2 727
3 132
3 424
3 670
KN08 Tank 8
-
218
261
320
427
574
747
941
1 346
0
0
129
187
218
243
KN09 Tank 9
-
1 700
1 971
2 287
2 725
3 222
3 636
4 082
0
890
1 215
1 545
1 851
2 066
2 246
KN10 Tank 10
-
1 498
1 747
2 039
2 449
2 918
3 404
3 748
4 465
890
1 215
1 545
1 851
2 066
2 246
KN11 Tank 11
-
1 305
1 531
1 799
2 181
2 620
3 078
3 406
4 096
0
1 215
1 545
1 851
2 066
2 246
KN12 Tank 12
-
0
0
0
0
0
236
323
568
890
0
192
274
322
360
KN14 Tank 14
-
3 965
4 422
4 925
0
0
176
245
458
746
1 045
1 350
1 635
1 834
2 000
Total
1 476
1 702
1 965
2 103
2 387
1 724
1 557
1 674
1 613
1 537
1 233
1 265
1 406
1 523
Lokalitet
Status
Des '24
Jan '25
Feb '25
Mar '25
Apr '25
Mai '25
Jun '25
Jul '25
Aug '25
Sep '25
Okt '25
Nov '25
Des '25
Jan '26
KN01 Tank 1
-
0
0
0
0
0
36 547
50 735
98 641
164 790
233 742
304 329
370 207
415 230
480 121
KN02 Tank 2
-
0
0
0
0
0
0
0
60 210
111 249
167 419
226 604
282 924
320 731
375 210
KN03 Tank 3
-
0
0
0
0
0
0
0
0
46 906
80 472
118 779
157 227
181 874
217 329
KN04 Tank 4
-
0
0
0
0
0
0
0
0
0
0
83 607
121 192
140 826
167 853
KN05 Tank 5
-
0
0
0
0
0
0
0
0
0
0
0
0
0
0
KN06 Tank 6
-
0
0
0
0
0
0
0
0
0
0
0
0
0
0
KN07 Tank 7
-
0
0
0
0
0
0
0
0
0
0
0
0
0
0
KN08 Tank 8
-
0
0
0
0
0
0
0
0
0
0
0
0
0
0
KN09 Tank 9
-
0
0
0
0
0
0
0
0
0
0
0
0
0
0
KN10 Tank 10
-
0
0
0
0
0
0
0
0
0
0
0
0
0
0
KN11 Tank 11
-
0
0
0
0
0
0
0
0
0
0
0
0
0
0
KN12 Tank 12
-
0
0
0
0
0
0
0
0
0
0
0
0
0
0
KN14 Tank 14
-
0
0
0
0
0
43 857
60 882
118 369
197 748
280 490
365 198
444 297
498 322
576 186
Total
0
0
0
0
0
80 404
111 616
277 220
520 693
762 122
1 098 517
1 375 846
1 556 982
1 816 698
Lokalitet
Status
Des '25
Jan '26
Feb '26
Mar '26
Apr '26
Mai '26
Jun '26
Jul '26
Aug '26
Sep '26
Okt '26
Nov '26
Des '26
Jan '27
KN01 Tank 1
-
415 230
480 121
552 351
654 956
772 475
609 649
682 577
286 162
387 044
482 962
576 243
660 219
719 724
549 301
KN02 Tank 2
-
320 731
375 210
437 042
526 869
631 580
740 072
837 141
685 744
375 625
468 672
559 140
640 566
698 233
536 292
KN03 Tank 3
-
181 874
217 329
259 419
324 202
403 205
487 389
566 908
708 945
583 910
0
559 140
640 566
698 233
536 849
KN04 Tank 4
-
140 826
167 853
203 620
269 133
361 059
468 506
588 685
555 491
375 625
468 672
184 146
256 388
299 814
361 788
KN05 Tank 5
-
0
0
0
0
0
36 547
50 735
98 641
164 790
233 742
304 329
370 207
415 230
480 121
KN06 Tank 6
-
0
0
0
0
0
0
37 373
78 011
136 660
199 313
264 301
325 495
366 944
426 734
KN07 Tank 7
-
0
0
0
0
0
0
0
60 210
111 249
167 419
226 604
282 924
320 731
375 210
KN08 Tank 8
-
0
0
0
0
0
0
0
0
0
0
0
0
0
0
KN09 Tank 9
-
0
0
0
0
0
0
0
0
0
0
0
0
0
0
KN10 Tank 10
-
0
0
0
0
0
0
0
0
0
0
0
0
0
0
KN11 Tank 11
-
0
0
0
0
0
0
0
0
0
0
0
0
0
0
KN12 Tank 12
-
0
0
0
0
0
0
0
0
0
0
0
0
0
0
KN14 Tank 14
-
498 322
576 186
662 855
785 972
926 980
1 071 502
820 058
966 092
1 113 549
0
57 460
81 763
95 660
115 281
Total
1 556 982
1 816 698
2 115 287
2 561 132
3 095 299
3 413 665
3 583 477
3 439 297
3 248 452
2 020 780
2 731 362
3 258 126
3 614 569
3 381 576
Lokalitet
Status
Des '26
Jan '27
Feb '27
Mar '27
Apr '27
Mai '27
Jun '27
Jul '27
Aug '27
Sep '27
Okt '27
Nov '27
Des '27
Jan '28
KN01 Tank 1
-
719 724
549 301
612 591
698 382
0
309 242
370 821
487 565
619 358
741 875
585 573
0
327 331
381 754
KN02 Tank 2
-
698 233
536 292
597 970
681 548
0
300 129
359 860
473 138
601 058
719 987
567 400
0
317 680
370 464
KN03 Tank 3
-
698 233
536 849
598 562
682 181
0
300 130
359 862
473 140
601 061
719 990
823 227
631 044
317 680
370 464
KN04 Tank 4
-
299 814
361 788
439 005
566 029
729 399
0
89 142
193 080
346 765
513 205
687 106
851 661
0
0
KN05 Tank 5
-
415 230
480 121
552 351
654 956
772 475
603 627
676 230
797 401
0
285 302
361 627
432 009
480 628
550 718
KN06 Tank 6
-
366 944
426 734
493 874
590 249
701 543
816 189
627 412
745 491
0
276 908
350 955
419 223
466 359
534 318
KN07 Tank 7
-
320 731
375 210
437 042
526 869
631 580
740 072
571 588
685 822
809 934
276 910
350 956
419 225
466 361
534 320
KN08 Tank 8
-
0
0
0
0
0
164 882
224 961
394 839
616 004
0
90 038
130 514
151 660
180 765
KN09 Tank 9
-
0
0
0
0
0
36 547
50 735
98 641
164 790
233 742
304 329
370 207
415 230
480 121
KN10 Tank 10
-
0
0
0
0
0
0
37 373
78 011
136 660
199 313
264 301
325 495
366 944
426 734
KN11 Tank 11
-
0
0
0
0
0
0
0
60 210
111 249
167 419
226 604
282 924
320 731
375 210
KN12 Tank 12
-
0
0
0
0
0
0
0
0
0
0
0
0
0
0
KN14 Tank 14
-
95 660
115 281
140 396
183 528
240 979
305 776
373 652
507 567
660 949
804 766
943 465
1 067 556
796 696
885 620
Total
3 614 569
3 381 576
3 871 791
4 583 742
3 075 976
3 576 595
3 741 635
4 994 906
4 667 829
4 939 418
5 555 581
4 929 857
4 427 300
5 090 486
Biomasse slutt
Lokalitet
Status
Des '27
Jan '28
Feb '28
Mar '28
Apr '28
Mai '28
Jun '28
Jul '28
Aug '28
Sep '28
Okt '28
Nov '28
Des '28
Jan '29
KN01 Tank 1
-
327 331
381 754
445 688
535 973
639 191
745 755
574 250
685 001
0
320 668
401 539
475 728
527 237
569 889
KN02 Tank 2
-
317 680
370 464
432 475
520 107
620 295
723 741
557 375
664 800
781 360
311 231
389 686
461 644
511 580
552 913
KN03 Tank 3
-
317 680
370 464
432 475
520 107
620 295
723 741
557 458
664 887
781 451
0
389 688
461 646
511 582
552 916
KN04 Tank 4
-
0
0
0
0
0
205 961
277 369
465 654
704 949
311 232
0
101 933
117 288
128 755
KN05 Tank 5
-
480 628
550 718
630 881
740 502
585 919
671 759
218 144
311 254
420 335
523 982
624 732
715 400
779 646
832 967
KN06 Tank 6
-
466 359
534 318
612 118
718 511
568 660
651 901
0
302 106
408 000
508 627
606 453
694 498
756 902
808 705
KN07 Tank 7
-
466 361
534 320
612 121
718 514
568 664
651 905
723 771
0
408 000
508 627
606 453
694 498
756 902
808 705
KN08 Tank 8
-
151 660
180 765
221 082
294 056
394 231
511 162
423 458
302 106
0
0
96 470
139 837
162 494
179 945
KN09 Tank 9
-
415 230
480 121
555 315
659 759
777 729
612 383
685 455
0
224 403
305 695
387 457
462 848
514 914
557 993
KN10 Tank 10
-
366 944
426 734
496 644
594 804
706 557
821 635
631 411
749 763
217 802
296 712
376 084
449 276
499 833
541 669
KN11 Tank 11
-
320 731
375 210
439 609
531 162
636 340
745 271
575 447
689 965
0
296 713
376 086
449 278
499 835
541 671
KN12 Tank 12
-
0
0
0
0
0
176 659
241 029
423 044
217 803
0
143 875
204 693
239 495
267 136
KN14 Tank 14
-
796 696
885 620
983 609
0
0
52 849
73 022
136 253
221 466
309 102
398 169
480 928
537 708
584 657
Total
4 427 300
5 090 486
5 862 016
5 833 495
6 117 881
7 294 724
5 538 192
5 394 835
4 385 570
3 692 588
4 796 692
5 792 207
6 415 418
6 927 922
Lokalitet
Status
Des '24
Jan '25
Feb '25
Mar '25
Apr '25
Mai '25
Jun '25
Jul '25
Aug '25
Sep '25
Okt '25
Nov '25
Des '25
Jan '26
KN01 Tank 1
-
0
0
0
0
0
249 600
248 850
248 075
247 300
246 550
245 775
245 025
244 280
243 536
KN02 Tank 2
-
0
0
0
0
0
0
0
249 600
248 825
248 075
247 300
246 550
245 775
245 000
KN03 Tank 3
-
0
0
0
0
0
0
0
0
249 600
248 850
248 075
247 325
246 550
245 775
KN04 Tank 4
-
0
0
0
0
0
0
0
0
0
0
648 960
647 010
644 995
643 011
KN05 Tank 5
-
0
0
0
0
0
0
0
0
0
0
0
0
0
0
KN06 Tank 6
-
0
0
0
0
0
0
0
0
0
0
0
0
0
0
KN07 Tank 7
-
0
0
0
0
0
0
0
0
0
0
0
0
0
0
KN08 Tank 8
-
0
0
0
0
0
0
0
0
0
0
0
0
0
0
KN09 Tank 9
-
0
0
0
0
0
0
0
0
0
0
0
0
0
0
KN10 Tank 10
-
0
0
0
0
0
0
0
0
0
0
0
0
0
0
KN11 Tank 11
-
0
0
0
0
0
0
0
0
0
0
0
0
0
0
KN12 Tank 12
-
0
0
0
0
0
0
0
0
0
0
0
0
0
0
KN14 Tank 14
-
0
0
0
0
0
299 520
298 620
297 690
296 760
295 860
294 932
294 062
293 163
292 264
Total
0
0
0
0
0
549 120
547 470
795 365
1 042 485
1 039 335
1 685 042
1 679 972
1 674 763
1 669 586
Lokalitet
Status
Des '25
Jan '26
Feb '26
Mar '26
Apr '26
Mai '26
Jun '26
Jul '26
Aug '26
Sep '26
Okt '26
Nov '26
Des '26
Jan '27
KN01 Tank 1
-
244 280
243 536
242 864
242 120
241 400
168 457
167 947
214 704
214 053
213 423
212 772
212 142
211 491
147 583
KN02 Tank 2
-
245 775
245 000
244 328
243 584
242 864
242 120
241 400
168 455
207 738
207 108
206 457
205 827
205 176
143 183
KN03 Tank 3
-
246 550
245 775
245 075
244 328
243 608
242 864
242 144
241 400
168 457
0
206 457
205 827
205 176
143 183
KN04 Tank 4
-
644 995
643 011
641 219
639 235
637 315
635 331
633 435
416 778
207 738
207 108
699 790
697 690
695 520
693 373
KN05 Tank 5
-
0
0
0
0
0
249 600
248 850
248 075
247 300
246 550
245 775
245 025
244 280
243 536
KN06 Tank 6
-
0
0
0
0
0
0
249 625
248 850
248 075
247 325
246 550
245 800
245 025
244 280
KN07 Tank 7
-
0
0
0
0
0
0
0
249 600
248 825
248 075
247 300
246 550
245 775
245 000
KN08 Tank 8
-
0
0
0
0
0
0
0
0
0
0
0
0
0
0
KN09 Tank 9
-
0
0
0
0
0
0
0
0
0
0
0
0
0
0
KN10 Tank 10
-
0
0
0
0
0
0
0
0
0
0
0
0
0
0
KN11 Tank 11
-
0
0
0
0
0
0
0
0
0
0
0
0
0
0
KN12 Tank 12
-
0
0
0
0
0
0
0
0
0
0
0
0
0
0
KN14 Tank 14
-
293 163
292 264
291 452
290 553
289 683
288 784
201 544
200 924
200 304
0
299 520
298 620
297 690
296 760
Total
1 674 763
1 669 586
1 664 938
1 659 820
1 654 870
1 827 156
1 984 945
1 988 786
1 742 490
1 369 589
2 364 621
2 357 481
2 350 133
2 156 898
Lokalitet
Status
Des '26
Jan '27
Feb '27
Mar '27
Apr '27
Mai '27
Jun '27
Jul '27
Aug '27
Sep '27
Okt '27
Nov '27
Des '27
Jan '28
KN01 Tank 1
-
211 491
147 583
147 163
146 698
0
232 943
232 253
231 540
230 827
230 137
160 597
0
233 180
232 467
KN02 Tank 2
-
205 176
143 183
142 791
142 357
0
226 078
225 388
224 689
224 007
223 347
155 856
0
226 305
225 592
KN03 Tank 3
-
205 176
143 183
142 791
142 357
0
226 079
225 389
224 690
224 008
223 348
222 666
155 388
226 305
225 592
KN04 Tank 4
-
695 520
693 373
691 441
689 302
687 232
0
698 530
696 360
694 201
692 131
689 992
687 922
0
0
KN05 Tank 5
-
244 280
243 536
242 864
242 120
241 400
168 459
167 949
167 422
0
234 733
234 020
233 330
232 617
231 904
KN06 Tank 6
-
245 025
244 280
243 608
242 864
242 144
241 400
168 473
167 946
0
227 827
227 114
226 424
225 711
224 998
KN07 Tank 7
-
245 775
245 000
244 328
243 584
242 864
242 120
168 980
168 453
167 926
227 828
227 115
226 425
225 712
224 999
KN08 Tank 8
-
0
0
0
0
0
698 880
696 780
694 615
692 476
0
698 880
696 780
694 615
692 476
KN09 Tank 9
-
0
0
0
0
0
249 600
248 850
248 075
247 300
246 550
245 775
245 025
244 280
243 536
KN10 Tank 10
-
0
0
0
0
0
0
249 625
248 850
248 075
247 325
246 550
245 800
245 025
244 280
KN11 Tank 11
-
0
0
0
0
0
0
0
249 600
248 825
248 075
247 300
246 550
245 775
245 000
KN12 Tank 12
-
0
0
0
0
0
0
0
0
0
0
0
0
0
0
KN14 Tank 14
-
297 690
296 760
295 920
294 990
294 120
293 221
292 351
291 452
290 553
289 683
288 784
287 914
200 913
200 293
Total
2 350 133
2 156 898
2 150 906
2 144 272
1 707 760
2 578 780
3 374 568
3 613 692
3 268 198
3 090 984
3 644 649
3 251 558
3 000 438
2 991 137
Antall slutt
Lokalitet
Status
Des '27
Jan '28
Feb '28
Mar '28
Apr '28
Mai '28
Jun '28
Jul '28
Aug '28
Sep '28
Okt '28
Nov '28
Des '28
Jan '29
KN01 Tank 1
-
233 180
232 467
231 800
231 087
230 397
229 684
160 296
159 800
0
234 736
234 023
233 333
232 620
231 907
KN02 Tank 2
-
226 305
225 592
224 928
224 246
223 586
222 904
155 566
155 070
154 600
227 828
227 115
226 425
225 712
224 999
KN03 Tank 3
-
226 305
225 592
224 928
224 246
223 586
222 904
155 562
155 066
154 596
0
227 116
226 426
225 713
225 000
KN04 Tank 4
-
0
0
0
0
0
698 880
696 780
694 615
692 476
227 829
0
697 970
695 800
693 649
KN05 Tank 5
-
232 617
231 904
231 237
230 524
160 885
160 389
231 913
231 200
230 487
229 797
229 084
228 394
227 681
226 968
KN06 Tank 6
-
225 711
224 998
224 360
223 678
156 112
155 616
0
224 405
223 723
223 063
222 381
221 721
221 039
220 357
KN07 Tank 7
-
225 712
224 999
224 361
223 679
156 113
155 617
155 137
0
223 723
223 063
222 381
221 721
221 039
220 357
KN08 Tank 8
-
694 615
692 476
690 475
688 336
686 266
684 139
450 186
224 405
0
0
748 800
746 550
744 235
741 941
KN09 Tank 9
-
244 280
243 536
242 840
242 096
241 376
168 439
167 929
0
252 261
251 511
250 736
249 986
249 211
248 436
KN10 Tank 10
-
245 025
244 280
243 584
242 840
242 120
241 376
168 456
167 929
244 840
244 120
243 376
242 656
241 912
241 168
KN11 Tank 11
-
245 775
245 000
244 304
243 560
242 840
242 096
168 962
168 435
0
244 121
243 377
242 657
241 913
241 169
KN12 Tank 12
-
0
0
0
0
0
748 800
746 550
744 235
244 841
0
747 975
745 725
743 421
741 127
KN14 Tank 14
-
200 913
200 293
199 713
0
0
299 520
298 620
297 690
296 760
295 860
294 932
294 062
293 163
292 264
Total
3 000 438
2 991 137
2 982 530
2 774 292
2 563 281
4 230 364
3 555 957
3 222 850
2 718 307
2 401 928
3 891 296
4 577 626
4 563 459
4 549 342
Lokalitet
Status
Des '24
Jan '25
Feb '25
Mar '25
Apr '25
Mai '25
Jun '25
Jul '25
Aug '25
Sep '25
Okt '25
Nov '25
Des '25
Jan '26
KN01 Tank 1
-
0,00
0,00
0,00
0,00
0,00
1,74
2,42
4,70
7,85
11,13
14,49
17,63
19,77
22,86
KN02 Tank 2
-
0,00
0,00
0,00
0,00
0,00
0,00
0,00
2,87
5,30
7,97
10,79
13,47
15,27
17,87
KN03 Tank 3
-
0,00
0,00
0,00
0,00
0,00
0,00
0,00
0,00
2,23
3,83
5,66
7,49
8,66
10,35
KN04 Tank 4
-
0,00
0,00
0,00
0,00
0,00
0,00
0,00
0,00
0,00
0,00
3,98
5,77
6,71
7,99
KN05 Tank 5
-
0,00
0,00
0,00
0,00
0,00
0,00
0,00
0,00
0,00
0,00
0,00
0,00
0,00
0,00
KN06 Tank 6
-
0,00
0,00
0,00
0,00
0,00
0,00
0,00
0,00
0,00
0,00
0,00
0,00
0,00
0,00
KN07 Tank 7
-
0,00
0,00
0,00
0,00
0,00
0,00
0,00
0,00
0,00
0,00
0,00
0,00
0,00
0,00
KN08 Tank 8
-
0,00
0,00
0,00
0,00
0,00
0,00
0,00
0,00
0,00
0,00
0,00
0,00
0,00
0,00
KN09 Tank 9
-
0,00
0,00
0,00
0,00
0,00
0,00
0,00
0,00
0,00
0,00
0,00
0,00
0,00
0,00
KN10 Tank 10
-
0,00
0,00
0,00
0,00
0,00
0,00
0,00
0,00
0,00
0,00
0,00
0,00
0,00
0,00
KN11 Tank 11
-
0,00
0,00
0,00
0,00
0,00
0,00
0,00
0,00
0,00
0,00
0,00
0,00
0,00
0,00
KN12 Tank 12
-
0,00
0,00
0,00
0,00
0,00
0,00
0,00
0,00
0,00
0,00
0,00
0,00
0,00
0,00
KN14 Tank 14
-
0,00
0,00
0,00
0,00
0,00
1,49
2,07
4,03
6,73
9,54
12,42
15,11
16,95
19,60
Lokalitet
Status
Des '25
Jan '26
Feb '26
Mar '26
Apr '26
Mai '26
Jun '26
Jul '26
Aug '26
Sep '26
Okt '26
Nov '26
Des '26
Jan '27
KN01 Tank 1
-
19,77
22,86
26,30
31,19
36,78
39,03
32,50
34,47
18,43
23,00
27,44
31,44
34,27
35,68
KN02 Tank 2
-
15,27
17,87
20,81
25,09
30,08
35,24
39,86
40,19
35,94
22,32
26,63
30,50
33,25
36,25
KN03 Tank 3
-
8,66
10,35
12,35
15,44
19,20
23,21
27,00
33,76
36,94
31,46
26,63
30,50
33,25
36,04
KN04 Tank 4
-
6,71
7,99
9,70
12,82
17,19
22,31
28,03
38,68
33,98
22,32
23,18
12,21
14,28
17,23
KN05 Tank 5
-
0,00
0,00
0,00
0,00
0,00
1,74
2,42
4,70
7,85
11,13
14,49
17,63
19,77
22,86
KN06 Tank 6
-
0,00
0,00
0,00
0,00
0,00
0,00
1,78
3,71
6,51
9,49
12,59
15,50
17,47
20,32
KN07 Tank 7
-
0,00
0,00
0,00
0,00
0,00
0,00
0,00
2,87
5,30
7,97
10,79
13,47
15,27
17,87
KN08 Tank 8
-
0,00
0,00
0,00
0,00
0,00
0,00
0,00
0,00
0,00
0,00
0,00
0,00
0,00
0,00
KN09 Tank 9
-
0,00
0,00
0,00
0,00
0,00
0,00
0,00
0,00
0,00
0,00
0,00
0,00
0,00
0,00
KN10 Tank 10
-
0,00
0,00
0,00
0,00
0,00
0,00
0,00
0,00
0,00
0,00
0,00
0,00
0,00
0,00
KN11 Tank 11
-
0,00
0,00
0,00
0,00
0,00
0,00
0,00
0,00
0,00
0,00
0,00
0,00
0,00
0,00
KN12 Tank 12
-
0,00
0,00
0,00
0,00
0,00
0,00
0,00
0,00
0,00
0,00
0,00
0,00
0,00
0,00
KN14 Tank 14
-
16,95
19,60
22,55
26,73
31,53
36,45
37,70
32,86
37,88
37,87
1,95
2,78
3,25
3,92
Lokalitet
Status
Des '26
Jan '27
Feb '27
Mar '27
Apr '27
Mai '27
Jun '27
Jul '27
Aug '27
Sep '27
Okt '27
Nov '27
Des '27
Jan '28
KN01 Tank 1
-
34,27
35,68
29,17
33,26
35,62
14,73
17,66
23,22
29,49
35,33
39,17
29,79
15,59
18,18
KN02 Tank 2
-
33,25
36,25
28,47
32,45
34,61
14,29
17,14
22,53
28,62
34,29
35,91
29,11
15,13
17,64
KN03 Tank 3
-
33,25
36,04
28,50
32,48
34,64
14,29
17,14
22,53
28,62
34,29
39,21
39,20
15,13
17,64
KN04 Tank 4
-
14,28
17,23
20,91
26,95
34,73
35,84
4,24
9,19
16,51
24,44
32,72
40,56
27,55
0,00
KN05 Tank 5
-
19,77
22,86
26,30
31,19
36,78
40,53
32,20
37,97
38,39
13,59
17,22
20,57
22,89
26,22
KN06 Tank 6
-
17,47
20,32
23,52
28,11
33,41
38,87
40,43
35,50
40,05
13,19
16,71
19,96
22,21
25,44
KN07 Tank 7
-
15,27
17,87
20,81
25,09
30,08
35,24
38,91
32,66
38,57
38,94
16,71
19,96
22,21
25,44
KN08 Tank 8
-
0,00
0,00
0,00
0,00
0,00
7,85
10,71
18,80
29,33
20,99
4,29
6,21
7,22
8,61
KN09 Tank 9
-
0,00
0,00
0,00
0,00
0,00
1,74
2,42
4,70
7,85
11,13
14,49
17,63
19,77
22,86
KN10 Tank 10
-
0,00
0,00
0,00
0,00
0,00
0,00
1,78
3,71
6,51
9,49
12,59
15,50
17,47
20,32
KN11 Tank 11
-
0,00
0,00
0,00
0,00
0,00
0,00
0,00
2,87
5,30
7,97
10,79
13,47
15,27
17,87
KN12 Tank 12
-
0,00
0,00
0,00
0,00
0,00
0,00
0,00
0,00
0,00
0,00
0,00
0,00
0,00
0,00
KN14 Tank 14
-
3,25
3,92
4,78
6,24
8,20
10,40
12,71
17,26
22,48
27,37
32,09
36,31
37,87
30,12
Lokalitet
Status
Des '27
Jan '28
Feb '28
Mar '28
Apr '28
Mai '28
Jun '28
Jul '28
Aug '28
Sep '28
Okt '28
Nov '28
Des '28
Jan '29
KN01 Tank 1
-
15,59
18,18
21,22
25,52
30,44
35,51
38,93
32,62
35,62
15,27
19,12
22,65
25,11
27,14
Tetthet
KN02 Tank 2
-
15,13
17,64
20,59
24,77
29,54
34,46
36,75
31,66
37,21
38,76
18,56
21,98
24,36
26,33
KN03 Tank 3
-
15,13
17,64
20,59
24,77
29,54
34,46
35,73
31,66
37,21
41,11
18,56
21,98
24,36
26,33
KN04 Tank 4
-
27,55
0,00
0,00
0,00
0,00
9,81
13,21
22,17
33,57
35,45
16,05
4,85
5,59
6,13
KN05 Tank 5
-
22,89
26,22
30,04
35,26
36,95
31,99
33,02
14,82
20,02
24,95
29,75
34,07
37,13
39,67
KN06 Tank 6
-
22,21
25,44
29,15
34,21
38,52
31,04
33,64
14,39
19,43
24,22
28,88
33,07
36,04
38,51
KN07 Tank 7
-
22,21
25,44
29,15
34,21
38,52
31,04
34,47
38,38
19,43
24,22
28,88
33,07
36,04
38,51
KN08 Tank 8
-
7,22
8,61
10,53
14,00
18,77
24,34
29,88
21,85
15,69
0,00
4,59
6,66
7,74
8,57
KN09 Tank 9
-
19,77
22,86
26,44
31,42
37,03
38,74
32,64
36,67
10,69
14,56
18,45
22,04
24,52
26,57
KN10 Tank 10
-
17,47
20,32
23,65
28,32
33,65
39,13
40,53
35,70
36,11
14,13
17,91
21,39
23,80
25,79
KN11 Tank 11
-
15,27
17,87
20,93
25,29
30,30
35,49
38,38
32,86
37,29
14,13
17,91
21,39
23,80
25,79
KN12 Tank 12
-
0,00
0,00
0,00
0,00
0,00
8,41
11,48
20,14
28,07
11,87
6,85
9,75
11,40
12,72
KN14 Tank 14
-
37,87
30,12
33,46
36,63
0,00
1,80
2,48
4,63
7,53
10,51
13,54
16,36
18,29
19,89