uke Måned
Antall
Snittvekt
Antall
Biomasse
Tetthet
Hendelser
Snittvekt
Antall
Biomasse
Tetthet
Hendelser
Snittvekt
Antall
Biomasse Tetthet
Hendelser
Snittvekt
Antall
Biomasse
SGR %
Tetthet
Hendelser
4
Jan
2,4
2497802
5876
14
31,2
######
75492
42
170
2380579
404698
23,0
5
Jan/Feb
3,2
2485313
7957
20
34,0
######
82015
45
191
2378198
455023
25,9
6
Feb
4,4
2472886
10774
26
37,9
######
91192
50
vaksinering
219
2375820
521082
29,6
7
Feb
5,9
2460522
14589
36
Sortering
43
######
103291
23
251
2373444
596731
33,9
8
Feb
2600000
7,0
######
17341
10
48
######
115071
26
287
2371071
680085
38,7
9
Feb/Mars
0,2
2600000
520
1
8,4
######
20572
11
55
######
131852
29
327
2368700
775082
44,1
10
Mars
2800000
0,3
2587000
704
2
10,0
######
24405
13
61
######
146090
32
373
2366331
883350
50,2
11
Mars
0,4
2574065
953
2
12,5
######
30572
17
67
######
160299
36
401
2363965
947950
53,9
12
Mars
0,5
2561195
1291
3
15,0
######
36613
20
73
######
175570
39
13
Mars
0,7
2548389
1748
4
18,5
######
45083
25
82
######
195794
43
14
April
0,9
2535647
2367
6
21,1
######
51309
28
93
######
221837
49
15
April
1,3
2522969
3205
8
24,0
######
58317
32
112
######
266892
59
smoltifisering
16
April
1,7
2510354
4340
11
27,4
######
66356
37
138
2380579
328520
18,7
17
April
2,4
2497802
5876
14
31,2
######
75492
42
170
2380579
404698
23,0
18
Mai
3,2
2485313
7957
20
34,0
######
82015
45
191
2378199
455023
25,9
19
Mai
4,4
2472886
10774
26
37,9
######
91192
50
vaksinering
219
2375821
521082
29,6
20
Mai
5,9
2460522
14589
36
Sortering
43
######
103291
23
251
2373445
596731
33,9
21
Mai
2600000
7,0
######
17341
10
48
######
115071
26
287
2371071
680085
38,7
22
Mai
0,2
2600000
520
1
8,4
######
20572
11
55
######
131852
29
327
2368700
775083
44,1
23
Juni
2800000
0,3
2587000
704
2
10,0
######
24405
13
61
######
146090
32
373
2366332
883350
50,2
levering
24
Juni
0,4
2574065
953
2
12,5
######
30572
17
67
######
160299
36
401
2363965
947950
53,9
levering
25
Juni
0,5
2561195
1291
3
15,0
######
36613
20
73
######
175570
39
26
JUni
0,7
2548389
1748
4
18,5
######
45083
25
82
######
195794
43
27
Juli
0,9
2535647
2367
6
21,1
######
51309
28
93
######
221837
49
28
Juli
1,3
2522969
3205
8
24,0
######
58317
32
112
######
266892
59
smoltifisering
29
Juli
1,7
2510354
4340
11
27,4
######
66356
37
138
2380580
328520
18,7
30
Juli/Aug
2,4
2497802
5876
14
31,2
######
75492
42
170
2380580
404699
23,0
31
Aug
3,2
2485313
7957
20
34,0
######
82015
45
191
2378199
455023
25,9
32
Aug
4,4
2472886
10774
26
37,9
######
91192
50
vaksinering
219
2375821
521082
29,6
33
Aug
5,9
2460522
14589
36
Sortering
43
######
103291
23
251
2373445
596731
33,9
34
Aug
2600000
7
######
17341
10
48
######
115071
26
287
2371072
680085
38,7
35
Aug
0,2
2600000
520
1
8
######
20572
11
55
######
131852
29
327
2368700
775083
44,1
36
Sept
2800000
0,3
2587000
704
2
10
######
24405
13
61
######
146090
32
373
2366332
883350
50,2
levering
37
Sep
0,4
2574065
953
2
13
######
30572
17
67
######
160299
36
401
2363965
947950
53,9
levering
38
Sept
0,5
2561195
1291
3
15
######
36613
20
73
######
175570
39
39
Sept
0,7
2548389
1748
4
19
######
45083
25
82
######
195794
43
40
Okt
0,9
2535647
2367
6
21
######
51309
28
93
######
221837
49
41
Okt
1,3
2522969
3205
8
24
######
58317
32
112
######
266892
59
smoltifisering
42
Okt
1,7
2510354
4340
11
27
######
66356
37
138
2380580
328520
18,7
43
Okt
2,4
2497802
5876
14
31
######
75492
42
170
2380580
404699
23,0
44
Okt
3,2
2485313
7957
20
34
######
82015
45
191
2378199
455023
25,9
45
Nov
4,4
2472886
10774
26
38
######
91192
50
vaksinering
219
2375821
521082
29,6
46
Nov
5,9
2460522
14589
36
Sortering
43
######
103291
23
251
2373445
596731
33,9
47
Nov
2600000
7,0
######
17341
10
48
######
115071
26
287
2371071
680085
38,7
48
Nov
0,2
2600000
520
1
8,4
######
20572
11
55
######
131852
29
327
2368700
775083
44,1
49
Des
2800000
0,3
2587000
704
2
10,0
######
24405
13
61
######
146090
32
373
2366332
883350
50,2
levering
50
Des
0,4
2574065
953
2
12,5
######
30572
17
67
######
160299
36
401
2363965
947950
53,9
levering
51
Des
0,5
2561195
1291
3
15,0
######
36613
20
73
######
175570
39
52
Des
0,7
2548389
1748
4
18,5
######
45083
25
82
######
195794
43
1
Jan
0,9
2535647
2367
6
21,1
######
51309
28
93
######
221837
49
2
Jan
1,3
2522969
3205
8
24,0
######
58317
32
112
######
266892
59
smoltifisering
3
Jan
1,7
2510354
4340
11
27,4
######
66356
37
138
2380580
328520
18,7
4
Jan
2,4
2497802
5876
14
31,2
######
75492
42
170
2378199
404294
23,0
5
Jan
3,2
2485313
7957
20
34,0
######
82015
45
191
2375821
454568
25,9
6
Feb
4,4
2472886
10774
26
37,9
######
91192
50
vaksinering
219
2373445
520561
29,6
7
Feb
5,9
2460522
14589
36
Sortering
43
######
103291
23
251
2371071
596134
33,9
8
Feb
2600000
7,0
######
17341
10
48
######
115071
26
287
2368700
679405
38,6
9
Feb
0,2
2600000
520
1
8,4
######
20572
11
55
######
131852
29
327
2366332
774308
44,0
10
Mars
2800000
0,3
2587000
704
2
10,0
######
24405
13
61
######
146090
32
373
2363965
882467
50,2
levering
11
Mars
0,4
2574065
953
2
12,5
######
30572
17
67
######
160299
36
401
2361601
947002
53,9
levering
12
Mars
0,5
2561195
1291
3
15,0
######
36613
20
73
######
175570
39
13
Mars
0,7
2548389
1748
4
18,5
######
45083
25
82
######
195794
43
14
April
0,9
2535647
2367
6
21,1
######
51309
28
93
######
221837
49
15
April
1,3
2522969
3205
8
24,0
######
58317
32
112
######
266892
59
smoltifisering
16
April
1,7
2510354
4340
11
27,4
######
66356
37
138
2380580
328520
18,7
17
April
2,4
2497802
5876
14
31,2
######
75492
42
170
2380580
404699
23,0
18
April
3,2
2485313
7957
20
34,0
######
82015
45
191
2378199
455023
25,9
19
Mai
4,4
2472886
10774
26
37,9
######
91192
50
vaksinering
219
2375821
521082
29,6
20
Mai
5,9
2460522
14589
36
Sortering
43
######
103291
23
251
2373445
596731
33,9
21
Mai
2600000
7,0
######
17341
10
48
######
115071
26
287
2371071
680085
38,7
22
Mai
0,2
2600000
520
1
8,4
######
20572
11
55
######
131852
29
327
2368700
775083
44,1
23
Juni
2800000
0,3
2587000
704
2
10,0
######
24405
13
61
######
146090
32
373
2366332
883350
50,2
levering
24
Juni
0,4
2574065
953
2
12,5
######
30572
17
67
######
160299
36
401
2363965
947950
53,9
levering
25
Juni
0,5
2561195
1291
3
15,0
######
36613
20
73
######
175570
39
26
Juni
0,7
2548389
1748
4
18,5
######
45083
25
82
######
195794
43
27
Jul
0,9
2535647
2367
6
21,1
######
51309
28
93
######
221837
49
28
Jul
1,3
2522969
3205
8
24,0
######
58317
32
112
######
266892
59
smoltifisering
29
Jul
1,7
2510354
4340
11
27,4
######
66356
37
138
2380580
328520
18,7
30
Jul
2,4
2497802
5876
14
31,2
######
75492
42
170
2380580
404699
23,0
31
Jul
3,2
2485313
7957
20
34,0
######
82015
45
191
2378199
455023
25,9
32
Aug
4,4
2472886
10774
26
37,9
######
91192
50
vaksinering
219
2375821
521082
29,6
33
Aug
5,9
2460522
14589
36
Sortering
43
######
103291
23
251
2373445
596731
33,9
34
Aug
2600000
7,0
######
17341
10
48
######
115071
26
287
2371071
680085
38,7
35
Aug
0,2
2600000
520
1
8,4
######
20572
11
55
######
131852
29
327
2368700
775083
44,1
36
Sept
2800000
0,3
2587000
704
2
10,0
######
24405
13
61
######
146090
32
373
2366332
883350
50,2
levering
37
Sept
0,4
2574065
953
2
12,5
######
30572
17
67
######
160299
36
401
2363965
947950
53,9
levering
38
Sept
0,5
2561195
1291
3
15,0
######
36613
20
73
######
175570
39
39
Sept
0,7
2548389
1748
4
18,5
######
45083
25
82
######
195794
43
40
Sept
0,9
2535647
2367
6
21,1
######
51309
28
93
######
221837
49
41
OKt
1,3
2522969
3205
8
24,0
######
58317
32
112
######
266892
59
smoltifisering
42
Okt
1,7
2510354
4340
11
27,4
######
66356
37
138
2380580
328520
18,7
43
Okt
2,4
2497802
5876
14
31,2
######
75492
42
170
2380580
404699
23,0
44
Okt
3,2
2485313
7957
20
34,0
######
82015
45
191
2378199
455023
25,9
45
Nov
4,4
2472886
10774
26
37,9
######
91192
50
vaksinering
219
2375821
521082
29,6
46
Nov
5,9
2460522
14589
36
Sortering
43
######
103291
23
251
2373445
596731
33,9
47
Nov
2600000
7,0
######
17341
10
48
######
115071
26
287
2371071
680085
38,7
48
Nov
0,2
2600000
520
1
8,4
######
20572
11
55
######
131852
29
327
2368700
775083
44,1
49
Des
2800000
0,3
2587000
704
2
10,0
######
24405
13
61
######
146090
32
373
2366332
883350
50,2
levering
50
Des
0,4
2574065
953
2
12,5
######
30572
17
67
######
160299
36
401
2363965
947950
53,9
levering
51
Des
0,5
2561195
1291
3
15,0
######
36613
20
73
######
175570
39
52
Des
0,7
2548389
1748
4
18,5
######
45083
25
82
######
195794
43
1
Jan
0,9
2535647
2367
6
21,1
######
51309
28
93
######
221837
49
2
Jan
1,3
2522969
3205
8
24,0
######
58317
32
112
######
266892
59
smoltifisering
3
Jan
1,7
2510354
4340
11
27,4
######
66356
37
138
2380580
328520
18,7
4
Jan
2,4
2497802
5876
14
31,2
######
75492
42
170
2380580
404699
23,0
5
Jan
3,2
2485313
7957
20
34,0
######
82015
45
191
2378199
455023
25,9
6
Feb
4,4
2472886
10774
26
37,9
######
91192
50
vaksinering
219
2375821
521082
29,6
7
Feb
5,9
2460522
14589
36
Sortering
43
######
103291
23
251
2373445
596731
33,9
8
Feb
2600000
7,0
######
17341
10
48
######
115071
26
287
2371071
680085
38,7
9
Feb
0,2
2600000
520
1
8,4
######
20572
11
55
######
131852
29
327
2368700
775083
44,1
10
Mars
2800000
0,3
2587000
704
2
10,0
######
24405
13
61
######
146090
32
373
2366332
883350
50,2
levering
11
Mars
0,4
2574065
953
2
12,5
######
30572
17
67
######
160299
36
401
2363965
947950
53,9
levering
12
Mars
0,5
2561195
1291
3
15,0
######
36613
20
73
######
175570
39
13
Mars
0,7
2548389
1748
4
18,5
######
45083
25
82
######
195794
43
14
April
0,9
2535647
2367
6
21,1
######
51309
28
93
######
221837
49
15
April
1,3
2522969
3205
8
24,0
######
58317
32
112
######
266892
59
smoltifisering
16
April
1,7
2510354
4340
11
27,4
######
66356
37
138
2380580
328520
18,7
17
April
2,4
2497802
5876
14
31,2
######
75492
42
170
2380580
404699
23,0
18
April
3,2
2485313
7957
20
34,0
######
82015
45
191
2378199
455023
25,9
19
Mai
4,4
2472886
10774
26
37,9
######
91192
50
vaksinering
219
2375821
521082
29,6
20
Mai
5,9
2460522
14589
36
Sortering
43
######
103291
23
251
2373445
596731
33,9
21
Mai
2600000
7,0
######
17341
10
48
######
115071
26
287
2371071
680085
38,7
22
Mai
0,2
2600000
520
1
8,4
######
20572
11
55
######
131852
29
327
2368700
775083
44,1
23
Juni
2800000
0,3
2587000
704
2
10,0
######
24405
13
61
######
146090
32
373
2366332
883350
50,2
levering
24
Juni
0,4
2574065
953
2
12,5
######
30572
17
67
######
160299
36
401
2363965
947950
53,9
levering
25
Juni
0,5
2561195
1291
3
15,0
######
36613
20
73
######
175570
39
26
Juni
0,7
2548389
1748
4
18,5
######
45083
25
82
######
195794
43
27
Jul
0,9
2535647
2367
6
21,1
######
51309
28
93
######
221837
49
28
Jul
1,3
2522969
3205
8
24,0
######
58317
32
112
######
266892
59
smoltifisering
29
Jul
1,7
2510354
4340
11
27,4
######
66356
37
138
2380580
328520
18,7
30
Jul
2,4
2497802
5876
14
31,2
######
75492
42
170
2380580
404699
23,0
31
Jul
3,2
2485313
7957
20
34,0
######
82015
45
191
2378199
455023
25,9
32
Aug
4,4
2472886
10774
26
37,9
######
91192
50
vaksinering
219
2375821
521082
29,6
33
Aug
5,9
2460522
14589
36
Sortering
43
######
103291
23
251
2373445
596731
33,9
34
Aug
2600000
7,0
######
17341
10
48
######
115071
26
287
2371071
680085
38,7
35
Aug
0,2
2600000
520
1
8,4
######
20572
11
55
######
131852
29
327
2368700
775083
44,1
36
Sept
0,3
2587000
704
2
10,0
######
24405
13
61
######
146090
32
373
2366332
883350
50,2
levering
37
Sept
0,4
2574065
953
2
12,5
######
30572
17
67
######
160299
36
401
2363965
947950
53,9
levering
Klekkeri
Startfôring
Parr
Postsmolt
Smolt