Koordinater for ny anleggs‐ og fortøyningsplassering ‐ oppdatert 110321
°
Min
°
Min
°
Min
°
Min
NV
68
14,733
16
16,195
NV
68
14,734
16
16,610
NØ
68
14,789
16
16,428
NØ
68
14,742
16
16,647
SØ
68
14,564
16
16,806
SØ
68
14,728
16
16,670
SV
68
14,507
16
16,558
SV
68
14,720
16
16,633
°
Min
°
Min
°
Min
°
Min
1
68
14,917
16
15,828
F1
68
14,867
16
16,444
2
68
14,934
16
15,903
F2
68
14,813
16
16,957
3
68
14,945
16
15,953
F3
68
14,798
16
16,982
4
68
14,963
16
16,030
F4
68
14,604
16
16,877
5
68
14,973
16
16,076
F5
68
14,595
16
16,838
6
68
14,991
16
16,156
F6
68
14,593
16
16,073
7
68
14,888
16
16,697
F7
68
14,606
16
16,052
8
68
14,840
16
16,776
F8
68
14,858
16
16,407
9
68
14,795
16
16,851
10
68
14,772
16
16,889
11
68
14,726
16
16,965
12
68
14,678
16
17,044
°
Min
°
Min
13
68
14,634
16
17,118
Anlegg SP
68
14,648
16
16,492
14
68
14,400
16
17,140
Flåte SP
68
14,730
16
16,640
15
68
14,379
16
17,049
SM
68
14,696
16
16,414
16
68
14,371
16
17,012
17
68
14,351
16
16,926
18
68
14,338
16
16,834
19
68
14,327
16
16,739
20
68
14,381
16
15,997
21
68
14,426
16
15,923
22
68
14,470
16
15,849
23
68
14,516
16
15,773
24
68
14,541
16
15,732
25
68
14,587
16
15,656
26
68
14,634
16
15,577
Anleggsramme hjørnepunkter
Flåte hjørnepunkter
N
Ø
N
Ø
Anleggsramme forankringspunkter
Flåte forankringspunkter
N
Ø
N
Ø
Senterpunkt (SP) og strømmåling (SM)
N
Ø
GRØNNSTRANDA
Ny