Diverse | Turer | Info | 3D |@) Her | Slepestrek | Hardhet | Bunn | Snitt | I 500 meter i 0[11200 <<<] >>> Auto | Relieff | Bokser || Print| 12:00:2
27 S68 645 69.8 744 770 BO 944 076 921 946 949 100 111 126 ISI 182 165 172 184 194 204 212 214 214 215 217 218 fis 216 217 215 202/199 199 184 17 107 189 192 195 191 190 189 196 194 182 181 178 179 160 181 180 190 190 160 181 194 196
531 611 663 70.1 725 752 776 809 852 99.1 943 988 114 127 140 158 165 175 186 195 204 210 212 214 215 217 218 /218 217 215 209 197 187 184 181 Å81 183 183 184 187 185 184 184 180 178 176 176 175 176 177 176 175 175 175 176 178 180 183
49.1 564 619 657 68.6 706 72.0 75.8 815 870 95.) dangl eBstide Varn 176 187 195\202 207 210 212 214 216 217/217 216 210 205 A96 184 178 177/176 178 177 175 180 178 175 178 175 172 169 169 171 172 172 172 171 170 170 171 174 177 180

PE Sul)

44,3 509 56.6 61.1 639 67.4 68.5 73.3 79.6 85.1/100 107 117 128 140151 164 174 186 193 199 204 207 209 212 215 216 215 213 208 200 992 183 175 17% 172 173 173 173 174 171 162 162 169 164 162 158 160 163 166 166 165 164 163 164 168 171 173
8.517. 38.3 45,3 7 679 73.3 79.1 88.6 102 110 119 129 140 150 163 173 183 190 195 198 202 206 210 214 21% 214 210 207 197-Ä189 181 173 147 166 166 165 165 168 166 159 160 161 158 151 147 155 158 156 156 159 158 157 158 161 163 163
16_ 107 5.6 30:4 39.4

5 68.0 739 822 913 Ash, 120 129 139 149 161 171 179 184 189 192 199 202 206 210 218 212 209 204 195/188 179 170 43 157 152 147 151 154 157 155 155 151 147 134 135 148 148 148 149 154 152 151 151 153 150 152

70.8 79.0 85.5 943 121 129 139 148 158 168 174 179 182 187 194 198.202 207 211 210 206 201 194 187 177 169 60 153 (147 145 140 139 144150 151-132 128 118 121 133 138 144 146 149 146 145 141 140 141 146
5 75.9 82.1 88.5 969 106 113 127429 7408 147 157 165 168 174 178 183 188 193 196.202 208 208 205 200 192 184 175 167/161 155 148 145 138 135 135 141 144 118 113 109 115 124 130 140 144 143 139 135 133 133 136 141
78.0 85.0 912/99.1 107 114 121 129 1 46 154 203 205 203 199 791 183 173 166 162 155 151146 139 134 133 134 131 106 102 104 108 119 128 134 135 134 132 127 125 126 130 136
79.6 88.0 947 5108 115 122 130 137 144 158 499 203 201196 /190 181 172 184 162 158 152 150.144 137 133 131 113 93.1 90.8 97,4 101 105 119 128 126 126 123 121 121 121 126 131
81.8 89.3 96.6 O9 116 122 129 135 141 145 95200198 193/188 180 173 466 164 160 155 153 148 143 137 130 114 94.3 92.2 92.8 97.2 99,5 117 115 117 119 116 115 115 116 122 127
83.2 90.3 97.6 104 110 Tté6.122 127 132 136 140 94 197 195 191 184 179 172 f168 165 162 158 154 149 144 139 130 113 91.6 89.0 90.6 95.0 97.7 104 107 109 114 110 106 107 113 119 121
84.6 9153 105 110 115 119422 125 129 134 2 177 166 162 158 154 148 142 138 131 114 91.8 86.4 86.3 90.0 949 98.7 103 107 110 102 989.101 110 113 114
5 72.8 80.2 85.8 92.2 98.5~404 109 113 115 116 TT8422 126 166 162 158 153 147 140 137 129 114 97.2 86.3 84.4386.0 91.2 96.0 102 107 109 101 98.1 101.106 107 106
74.6 81.8 87.0 91.9 97,6 103 +87 109 108 101 98.4 107 tM 165 161 157 151146 140 136 128 116 101 899 85.4 86.3 91.1 95.5 99.5 107 107 107 102 103 99.1 95.195.8
75.5 82.0 87.4 91.7 96.7 101 104 15.97.4935 93.3 949 105 ae 161 154 148 144 139 133 127 116 102 91.8 91.4 92.1 93.9 96.1 99.2 107 107 106 \105 97.5 86.5 86.8 90.3
75.7 81.5 86.3 90.0 94.1 97:5-93:4-89.5 887-85.9 86.6 90.8 98.3 143 136 129 126 117 103 916 912 95.0 96.2 978 103 107 108 106 102 83.2 78.8 80.7 85.4
6 74.7 79.9 84.0 87.0 90.0 89.9 86.2 83.8 79.7 80.0"84.0 87.6 92.9 45 141 134 129 126 119 105 92.4 93.3 979 101 101 108 108 107 105 910 75.2 74.4 78.3 810

8.0 3

172
171
169

11.5 183 26 58.3 64.2 68.7 72.8 76.4 79.7 82.2 83.5 799 783 809 386910 167 157 147 148 131 129 122 108 96.8 98.4 993 104 107 109 107 107 102/760 740 714 69.3 699
12.6/19.4 27 8 62.6 70.8 73.1 73.3 70: 4 160 166 157 152148 DS, eksistrhedkaklargap 103 108 109 110 109 104 890 73.1 7

73.7 75.4 79.6 90;

114 20.0 66.1 56.9 64. 8.8 76.3 87.9 154 164 133 128 115 107 106 109 111 111 110 107 92,3 71.1 69.5

10.1, 19.6 25,6 6 58.0 50.65 61.0 73.2 85.8 153 162 31 135 131 117 113 112 114 114 112 110 101797 592 59.8
8.4 187 23.2 49.8 49.1 58.2 68.4 83.5 154 163 38 136 134 118 117 119 117 115 113 108 87,4 617 55.0 52.4 5
62 164 202 2-318 5 47,8 49.6 77.2 153 162 154 145 144 141 139 136 130 131 124 124 120 116 110 103 73.8 55.2 50.2
41 113 17.8 23:1.2! 9.1 42.1 63.1 150 158 147 143 139 AQ 138 134 136 131 126 121 113 104 92.7/57.7 512 489 45.
2.59.2 130 5 13.8-18.7 21.5 2 532 142 154 148439 138 136 130 122 115 107 97.7-66.3 52.0 48,7 4

er 67-23 12.0 16:5 20.1 149 153 140 141 129 122 117 110 101 84.4 59.2 49.3-46.0

n ÅD

155 152, 148 196
154 152 1142 148
151/147 148 146

147. 152
144 149
141 144
135 136
123 127 132 131
B 122 126 130 130
122 125 128 132
120 123 125 131
118 119 120 126
114 113 114 121
109 108 109 112

44 143 135 126 NQ 115 111 103 920 657 55.0 46.3 42
44 142 135 117 111 188 105 960 73.1 56.0 48.6-42.1 39,3
144 “146-131 111 999 101-939-74.5 58.7 50.2 40.9 38.1 3
141 136 129-402 984 87.0 70.0 395-30.5 43.6 29.6 2:
P 138 132 125 107 97309 57.6 49.6 440 3 20:5 18.5
8-34 128 119 111/84.2 60. 8:0.33:3 19.7442 ov
2 130 Te4-114 104 80.1 57.7 823.8 16.2 12 9
127 125 121 112 38 22.8 14.3742 12.4 194
125 119 116 105 86.7 21,8 13.2 13.2 T2 9ai
122 113 108 64.4 eae? iby.
120 107 89.6 2122

6 14.0 16.3 18.8

242 23.6

3 15.6
5 15.6
14.6 163 å
15.2 17.1 19.1 21 a 13.3
14.8 17.0 18.6,\20.0 16.1 10. 1407 ik
11.3 14.6 166 18.1 18.1 12.5 119 118 95
10.6 14.4 15.6 17.0 15.3 10.7 13.6 14.8 15:

7 14.0 15.6 15.1 12.5 14.3 13.4 136
13.2 149 13.6

72

145 144 140
144 142 137

6 TH 98 105 105 106 108 116 967 85.4 108
79-78 96 101 102 105 108 07 844 75.0 39
Page 101 103 109 103986 68.5 6
37 *32 RL 89.7 98.2 102 106 957/722 828
773,55 5. 87.7 94:4.99.1 103 742 62.3 56.1 32:
90 100-106 11.5 18.4 86.1 89.9 931-965 50.6 30, 9 13%
87 98 107-100 172 82.6 839 862 892 50182 10.8 62 39 0809
82 93 105 136 162 183 19; 713 75.8 763 2 176 93301161 3 37 44547
77 73 82 120 149 15.8 187 68.1 69.0 7 94 30-28 44 6 34 48 59
72 82 114 136 159 43/18 21 24 30 39 66 7 28-51 73
7.8 86 89 84 116 0 mm 0 26 3744 6. 19 62 89
8 89 MØEGSO 87 88.4 93,7 95.8 912 24 18 26 6 vs 69 82
3 87 97 70 88.0 16 18 26,5 24 64 64
0 7 O Hg 26 52 49 59, 59
1 11 22 2 63 59 64
Å Å 65 75, 77
23 43: 57 88 78
40 62 | 3 8.1 83
13 ? 15/54 67 35
313 2492841 18.1 11.5 74% 23) 59100 32,
8 24.8 24; 4 203154 62 0 26 39 126 47
6 20.417.1 78 16 34/83 127 37
206117.1 64 12/48/ 10.5 12.6 22 5
206 170 48 12, 50\ 105 123 112-116
13 )46\99 118 118 15.1
1/52 93 102 P9 163
Inn | Ut | Flytt t Ål one
mess) ' ChartWorld SöSmnrrennsl)]LBaksnn] Ka rtnavn | CD-oversikt ChartWorld-versjoner på 202 :2021
Plotterlag >>> | Utlagt anlegg | Utlagt flåte || Tenkt anlegg | Tenktflåte | E || F || G |[ H | I J Periode Høyre museknapp endrer navn 'Olex