Settefisk Pplan 
K-M24 MAX
Batch 1
Gadus Morhua
Rev: B
Batch 2
9c
Biomasse a3:
1300 T
Sist oppd.: 26.06.2024
Batch 1
3
Biomasse a4:
3000 T
Batch 2
2g
Batch 1
120g
Batch 2
Uke Temp. Vekt IB
SGR
Antall
Biomasse
Tetthet Temp. Vekt IB
SGR
Antall
Biomasse
Tetthet Temp. Vekt IB
SGR
Antall
Biomasse
Tetthet
Temp.
Vekt IB
SGR
Antall
Biomasse
Tetthet
1
9
2,0
6,10
2 500 000
          
5 000
          
3,5
9
9
9
2
9
3,0
5,71
2 500 000
          
7 569
          
5,3
9
9
9
3
9
4,5
5,34
2 500 000
          
11 165
        
7,8
9
9
9
4
9
6,4
5,00
2 500 000
          
16 073
        
11,2
9
9
9
5
9
9,0
4,67
2 500 000
          
22 611
        
15,7
9
9
9
6
9
12,5
4,37
2 500 000
          
31 131
        
21,6
9
9
9
7
9
16,8
4,09
2 500 000
          
42 000
        
29,2
9
9
9
8
9
2,0
6,10
2 500 000
          
5 000
          
3,5
9
22,2
3,82
1 900 000
          
42 252
        
18,8
9
9
9
9
3,0
5,71
2 500 000
          
7 569
          
5,3
9
28,9
3,57
1 900 000
          
54 937
        
24,4
9
9
10
9
4,5
5,34
2 500 000
          
11 165
        
7,8
9
37,0
3,34
1 900 000
          
70 242
        
31,2
9
9
11
9
6,4
5,00
2 500 000
          
16 073
        
11,2
9
9
46,5
3,12
1 800 000
          
83 754
        
23,3
9
12
9
9,0
4,67
2 500 000
          
22 611
        
15,7
9
9
57,7
2,92
1 800 000
          
103 869
      
28,9
9
13
9
12,5
4,37
2 500 000
          
31 131
        
21,6
9
9
70,6
2,73
1 800 000
          
127 042
      
35,3
9
14
9
16,8
4,09
2 500 000
          
42 000
        
29,2
9
9
85,2
2,55
1 800 000
          
153 381
      
42,6
9
15
9
9
22,2
3,82
1 900 000
          
42 252
        
18,8
9
101,6
2,38
1 800 000
          
182 941
      
50,8
9
16
9
9
28,9
3,57
1 900 000
          
54 937
        
24,4
9
119,8
2,23
1 800 000
          
215 724
      
59,9
9
17
9
9
37,0
3,34
1 900 000
          
70 242
        
31,2
9
9
139,8
2,08
1 700 000
  
237 697
      
35,0
18
9
2,0
6,10
2 500 000
          
5 000
          
3,5
9
9
46,5
3,12
1 800 000
          
83 754
        
23,3
9
161,5
1,94
1 700 000
  
274 554
      
40,4
19
9
3,0
5,71
2 500 000
          
7 569
          
5,3
9
9
57,7
2,92
1 800 000
          
103 869
      
28,9
9
184,8
1,82
1 700 000
  
314 170
      
46,2
20
9
4,5
5,34
2 500 000
          
11 165
        
7,8
9
9
70,6
2,73
1 800 000
          
127 042
      
35,3
9
209,6
1,70
1 700 000
  
356 363
      
52,4
21
9
6,4
5,00
2 500 000
          
16 073
        
11,2
9
9
85,2
2,55
1 800 000
          
153 381
      
42,6
9
235,8
1,59
1 700 000
  
400 917
      
59,0
22
9
9,0
4,67
2 500 000
          
22 611
        
15,7
9
9
101,6
2,38
1 800 000
          
182 941
      
50,8
9
263,3
1,48
1 700 000
  
447 590
      
65,8
23
9
12,5
4,37
2 500 000
          
31 131
        
21,6
9
9
119,8
2,23
1 800 000
          
215 724
      
59,9
9
291,8
1,38
1 700 000
  
496 116
      
73,0
24
9
16,8
4,09
2 500 000
          
42 000
        
29,2
9
9
9
139,8
2,08
1 700 000
  
237 697
      
35,0
25
9
2,0
6,10
2 500 000
          
5 000
          
3,5
9
22,2
3,82
1 900 000
          
42 252
        
18,8
9
9
161,5
1,94
1 700 000
  
274 554
      
40,4
26
9
3,0
5,71
2 500 000
          
7 569
          
5,3
9
28,9
3,57
1 900 000
          
54 937
        
24,4
9
9
184,8
1,82
1 700 000
  
314 170
      
46,2
27
9
4,5
5,34
2 500 000
          
11 165
        
7,8
9
37,0
3,34
1 900 000
          
70 242
        
31,2
9
9
209,6
1,70
1 700 000
  
356 363
      
52,4
28
9
6,4
5,00
2 500 000
          
16 073
        
11,2
9
9
46,5
3,12
1 800 000
          
83 754
        
23,3
9
235,8
1,59
1 700 000
  
400 917
      
59,0
29
9
9,0
4,67
2 500 000
          
22 611
        
15,7
9
9
57,7
2,92
1 800 000
          
103 869
      
28,9
9
263,3
1,48
1 700 000
  
447 590
      
65,8
30
9
12,5
4,37
2 500 000
          
31 131
        
21,6
9
9
70,6
2,73
1 800 000
          
127 042
      
35,3
9
291,8
1,38
1 700 000
  
496 116
      
73,0
31
9
16,8
4,09
2 500 000
          
42 000
        
29,2
9
9
85,2
2,55
1 800 000
          
153 381
      
42,6
9
32
9
9
22,2
3,82
1 900 000
          
42 252
        
18,8
9
101,6
2,38
1 800 000
          
182 941
      
50,8
9
33
9
9
28,9
3,57
1 900 000
          
54 937
        
24,4
9
119,8
2,23
1 800 000
          
215 724
      
59,9
9
34
9
9
37,0
3,34
1 900 000
          
70 242
        
31,2
9
9
139,8
2,08
1 700 000
  
237 697
      
35,0
35
9
2,0
6,10
2 500 000
          
5 000
          
3,5
9
9
46,5
3,12
1 800 000
          
83 754
        
23,3
9
161,5
1,94
1 700 000
  
274 554
      
40,4
36
9
3,0
5,71
2 500 000
          
7 569
          
5,3
9
9
57,7
2,92
1 800 000
          
103 869
      
28,9
9
184,8
1,82
1 700 000
  
314 170
      
46,2
37
9
4,5
5,34
2 500 000
          
11 165
        
7,8
9
9
70,6
2,73
1 800 000
          
127 042
      
35,3
9
209,6
1,70
1 700 000
  
356 363
      
52,4
38
9
6,4
5,00
2 500 000
          
16 073
        
11,2
9
9
85,2
2,55
1 800 000
          
153 381
      
42,6
9
235,8
1,59
1 700 000
  
400 917
      
59,0
39
9
9,0
4,67
2 500 000
          
22 611
        
15,7
9
9
101,6
2,38
1 800 000
          
182 941
      
50,8
9
263,3
1,48
1 700 000
  
447 590
      
65,8
40
9
12,5
4,37
2 500 000
          
31 131
        
21,6
9
9
119,8
2,23
1 800 000
          
215 724
      
59,9
9
291,8
1,38
1 700 000
  
496 116
      
73,0
41
9
16,8
4,09
2 500 000
          
42 000
        
29,2
9
9
9
139,8
2,08
1 700 000
  
237 697
      
35,0
42
9
2,0
6,10
2 500 000
          
5 000
          
3,5
9
22,2
3,82
1 900 000
          
42 252
        
18,8
9
9
161,5
1,94
1 700 000
  
274 554
      
40,4
43
9
3,0
5,71
2 500 000
          
7 569
          
5,3
9
28,9
3,57
1 900 000
          
54 937
        
24,4
9
9
184,8
1,82
1 700 000
  
314 170
      
46,2
44
9
4,5
5,34
2 500 000
          
11 165
        
7,8
9
37,0
3,34
1 900 000
          
70 242
        
31,2
9
9
209,6
1,70
1 700 000
  
356 363
      
52,4
45
9
6,4
5,00
2 500 000
          
16 073
        
11,2
9
9
46,5
3,12
1 800 000
          
83 754
        
23,3
9
235,8
1,59
1 700 000
  
400 917
      
59,0
46
9
9,0
4,67
2 500 000
          
22 611
        
15,7
9
9
57,7
2,92
1 800 000
          
103 869
      
28,9
9
263,3
1,48
1 700 000
  
447 590
      
65,8
47
9
12,5
4,37
2 500 000
          
31 131
        
21,6
9
9
70,6
2,73
1 800 000
          
127 042
      
35,3
9
291,8
1,38
1 700 000
  
496 116
      
73,0
48
9
16,8
4,09
2 500 000
          
42 000
        
29,2
9
9
85,2
2,55
1 800 000
          
153 381
      
42,6
9
49
9
9
22,2
3,82
1 900 000
          
42 252
        
18,8
9
101,6
2,38
1 800 000
          
182 941
      
50,8
9
50
9
9
28,9
3,57
1 900 000
          
54 937
        
24,4
9
119,8
2,23
1 800 000
          
215 724
      
59,9
9
51
9
9
37,0
3,34
1 900 000
          
70 242
        
31,2
9
9
139,8
2,08
1 700 000
  
237 697
      
35,0
52
9
9
9
46,5
3,12
1 800 000
          
83 754
        
23,3
9
161,5
1,94
1 700 000
  
274 554
      
40,4
1
9
9
9
57,7
2,92
1 800 000
          
103 869
      
28,9
9
184,8
1,82
1 700 000
  
314 170
      
46,2
2
9
9
9
70,6
2,73
1 800 000
          
127 042
      
35,3
9
209,6
1,70
1 700 000
  
356 363
      
52,4
3
9
9
9
85,2
2,55
1 800 000
          
153 381
      
42,6
9
235,8
1,59
1 700 000
  
400 917
      
59,0
4
9
9
9
101,6
2,38
1 800 000
          
182 941
      
50,8
9
263,3
1,48
1 700 000
  
447 590
      
65,8
5
9
9
9
119,8
2,23
1 800 000
          
215 724
      
59,9
9
291,8
1,38
1 700 000
  
496 116
      
73,0
6
9
9
9
9
139,8
2,08
1 700 000
  
237 697
      
35,0
7
9
9
9
9
161,5
1,94
1 700 000
  
274 554
      
40,4
8
9
9
9
9
184,8
1,82
1 700 000
  
314 170
      
46,2
9
9
9
9
9
209,6
1,70
1 700 000
  
356 363
      
52,4
10
9
9
9
9
235,8
1,59
1 700 000
  
400 917
      
59,0
11
9
9
9
9
263,3
1,48
1 700 000
  
447 590
      
65,8
12
9
9
9
9
291,8
1,38
1 700 000
  
496 116
      
73,0
13
9
9
9
9
14
9
9
9
9
15
9
9
9
9
16
9
9
9
9
AVD 1
AVD 2
AVD 3
AVD 4
Forklaring:
Gen X
Klekking 1
Art:
Temperatur (gj.snitt):
Klekking 2
Antall avdelinger:
Vekt inn (gj.snitt):
Klekking 3
Vekt levering (gj.snitt):