Diverse 
Turer I Info 3D 
[@ 
Slepestrek 
Hardhet 
Bunn I Snitt I 
0 5 n m 
: 0 
750 
<<< I >>> I Auto I Relieff 
Bokser I Print I ts:oo:4t ·¢· 
• Ingen bunnkalkulerin 
°2, 2.86 320 286 245 210 136 126 111 103 88.0 86.0 149 92.2 63.2 53.2 34.0 20.0 12.4 4.6 
8 324 323 251 291 254 191 166 139 120 107 189 176 149 79.6-70.6 49.2 34.o 28.6 19.4 12.4 4.2o:&--M-\1 
13 316 309 253 302 302 254 196 167 146 204 213 197 169 95.8 81.0 59.2 44.8 40.2 33.6 24.0 13.4 8.4 8.0 3:8 3. 
3.2 0. 
0.0 0.0 0.0 0.0 0 
'3 295 298 284 301 3 1 6 304 275 237 225 234 243 224 178 133 104 90.0 56.6 57.2. 52..0 40.8 30.0 25.0 24.8 16.2 13.8*13,4 5.4 
°8 2.85 2.90 314 294 314 317 317 297 268 268 267 239 196 164 131 125 95.4 71.4 65.4 51.2 42.2 37.2 37.2 28.0 24.0123.6 14.4 4.6 
'4 275 276 - 3 0 3 311 302 325 326 324 326 315 294 266 229 206 175 169 121 104 79.6 66.4 59.0 53.6 53.2 42.8 37.0 36.2 29.0 20. 
53 264 269 284 296 313 328 <323 328 327 312 294 298 267 242 220 
{o 252 260 269 276 298 322 329 328 330 320 311 327 294 273 253 
29 242 247 262 269 285 301 326 3 3 1 331 331 328 316 320 317 295 254 208 174 137 104 93.6 91.2 87.4 78.6 so.a 77.4 76.2 7 .4 56.s 51.2 50.0 58.0 63.2 73.4 58.6 44,.a'30.8 12.2 o. 
10 209 227 253 264 260 270 298 322  332 328 333 323 332 339 321 26 
164 160 170 93 193 217 245 240 250 261 281 299 323 334 333 334 333 337 311 272233 197 159 126 116 111 108 107 111 107 102 95.6 89.o s6.o 90.6 84.4 91.2 103 856 70.6 55.2 38.2 26.6 20.6 7.6 0,00.0 
124 127 151 168 173 186 208 226 236 236 265 278 287 313 334 332 328 336 286 270 
110 116 122 149 166 173 193 210 236 224 245 258 273 306 324 336 333 337 274 282. 2%3 219 229 213 165 133 130 131 134 132 1 8 123 118 118 118 113 122 126 111 90.6 81.0 66.0 56.2 44.2 34.6 18.0 5.2 
1  
92.4 97.3 103 146 15Q 149 160,193 206 213 222 239 251 287 316 333 332 338 337 312 26$ 238 240 260 231 186 150 141 144 140 
71.5 77.8 
97.6 130 1Follesundets 168 189 205 219 233 252 292 307 327 338 341 340 3014275 275 297 309 229 208 191 171 154 
56.0 64.6 88.2 112 
1 0 3 112 146 151 154 172 195 207 217 234 264 285 327 338 343 341 284 
03 295 308 307 244 241 247 221 205# 198 173 164 161 157 157  158 162 160 147 131 116 96.0 91.4 7 
124 127 135 153 175 187 195 203 241 280 3 1 0 339 340 345 322 284 291 294 293 250 257 284 257 24 
· 108 120 134 158 173 180 188 228 272 281 305 325 345 344 32 322 288 286 316 318 294 293 
02 112 150 153 162 171 180 228 251 252 268 307 322 322\321 309 305 322. 297 281 274 
.o 6.6 14.8 25.6 35.8 57.2 75.4 89,4 96.2 
139 140 149 157 169 199 216 233 2 4 7 285 286 336 
19 319 333 32.5 301 282 257/272 283 262 255 254 249 228 215 204 189 17 
4.2 8.8 21.0 39.8 59.0 72.6 81.6 105 130 133 138 154 178 185 201 215 285 315 293 3 
111 117 131 154 163 182 197265 302 311 323 
° 
0.0 0.0 
.0 
.0 14.4 17.4 0.0 
36 205 197 134 125 122 117 117 123 119 11 
222 184 150 113 103 100 96.2 91.6 91.6 90.6 88.4 
R25 182 157 119 91,4 82.0 78.6 78.6 63.s 63.6 56.o 59.o 53 
265 300 307 
257 284 299 
247 271 284 
240 265 277 
232 254 274 ' 
224 248 257 
218 245 251 
2.01 220 238 ' 
189 201 217 I 
173 177 185 i 
2 157 137 91.4 80.4 72.4 68.0 68.2 55.6 48.0 48.2 45.6 39. 28.8 25.0 26.0 31.0 35.8 46.2 33.2 18,0 6.2 
42.2 37.o 36.6 42.2 47.2 58.2 45.2 29.0 17.8 0.0 
36.7 44.8 68.5 87.2 72.6 
9: 
22.4 34.9 52.0 62.8 51.6 78.0 
o.o 12.5 21.4 24.8 37.2 42.8 80.2 90.6 
0.0 0.0 
0.0 0.0 0.0 
3.6 65.0 59.8 63.8 69.6 75.2 86.0 70.2,56.6 39.6 23.6 9.2 8.4 
110 100 99.6 102 97.6 102 114/16.0 81.0 67.0 49.2 39.8 30.0 18.8 5.6 
8 134 132 134 129 123 132/132 123 114 90.4 78.6 67.6 55.2 43.8 29.0 20.6 
47 149 148 156 144 142 142 146 144 129 111 95.4 82.6 71.6 55.0 45.0 
22.8 2.00 182 177 168 ,,!1>8 169 175 172 163 144 129 112 
55 263 234 206 205 193 189 190 192 184 167 154 138_ 
1 284 250 224 223 215 207 205 200 184 172. 159 
157 131 99.2 89.6 76.0 66.4 6 0 56.2 59.0 56.4 30.0 28.4 6.0 01l'---O.O 0.0 0.0 0.0 0.0 0.0 0.0 0.0 0.0 0.0 0.0 0.0 0.0 0.0 0.0l 0.0 0. 
0.0 0.0 0.0 0.0 0.0 0.0 0.0 0.0 0.0 0.0 0.0 0.0 0. 
0.0 17.8 31.0 45.6 89.21]}.4 37.8 28.0 17.6 5.6 • (},() 0.0 0.0 
205 194 123 1x 26 5 2 % 
716 1s1 ss2 49.6 41.2 21.6 11.4 o
o
 
o.o o.o o.o o.o o.o o.o o.o o.o o.o o.o D'iJd'&å 
o.o o.o o.o o.o o.o o.o o.o o.o o.o o.o o.o o.o o.o 3.2 20.4 33.6 50.6 85.2 66.6 36.8 27.4 17.0 7.0 0  
o.o o.o 
Jl 0.0 0.0 0.0 0.0 
. 
0.0 0.0 0.0 0.0 0.0 00*0.0 6.0'0.0 0.0 0.0 0.0 0.0 0.0 0.0 0.0 0.0 0.0 0.0 0.0 0.0 3.6 23.8 41.0 54.6 73.6 60.8 37.2 25.8 15.8 5,Ø 
0.0 0.0 0.0 0.0 0. 
0.0 0.0 0.0 0.0 0.0 0.0 0.0 0.0 0.0 0.0 0.0 0.0 0.0 0.0 0. 
4,4 32.2 46.8 57.0 77.2 58.2 38.0 24.6 14.0 4.0 
¢ . 0 0.0 0.0 
0.0 0.0 
.0 0.0 0.0 0.0 0.0 0.0 0.0 0.0 0.0 0.0 0.0 0.0 
.0 11.2 36.8 51.2 61.0 78.6 64.0 40.2 24.4 12.4 1.8 
0 0.0 0.0 0 0 0.0 0.0 0. 
0.0 0.0 0.0 0.0 0.0 0.0 0.0 0.0 0.0 0.0 0.0 
.0 16.6 43.2 61.8 71.6 81.6 75.4 43.2 27.6 13.8 2.2/ 0.0 0.0 0.0 
0.0 0.0 0.0 0.0 0.0 0.0 0.0 0.0 0.0 0.0 3.6 20.0 45.6 65.6 75.6 92.0 73.6 50.0 32.2 16.0 2/6 
.8 8.8 11.4 15.4 22.0 31.8 19.0 4.4 
, 
0.0 0.0 0.0 0.0 0.0 0.0 0.0 0.0 0. 
3.8 24.0 48.2 69.6 78.6 103 81.6 55.2 37.2 18.8 0.0\ 0.0 0.0 0.0 
0.0 0.0 0.0 0.0 0.0 0.0 0.0 
0.0 0.0 
J.0 
0.0 0.0 
.0 0.0 0.0 
0.0 0.0 0.0 
0.0 0.0 0.0 0.0 0.0 
0.0 0.0 0.0 0.0 0.0 0.0 
0 5.2 19.8 38.0-50.2 70.6 90.61 
0 5.4 26.4 39.8-58.6 81.2 
.2 
.o 7.6 24.0 44.2 62.8 74.6 88.2 
o.o o.o o.o o.o o.o o.o o. 
.o 13.8 32.o 49.6 63.o 75.6 85. 
1 
4.6 15.2 34.6 45.2 58.6 69.6 87. 
5,0 22.6 31,0 45.2 58.6 75.6 91.4 
o.o o.o o.o o.o o.o o.o o.o o. 
0.0 0.0 0.0 0.0 0.0 0.0 0.0 0.0 
o.o o.o o.o o.o o.o o.o o.o o.o o.o 
0.0 0.0 0.0 0.0 0.0 0.0 0.0 0.0 0.0 0. 
0.0 0.0 0.0 0.0 0.0 0.0 0.0 0.0 0.0 0.0 0.0 
0.0 0.0 0.0 0.0 0.0 0.0 0.0 0.0 0.0 0.0 0.0 0.0 
0.0 0.0 0.0 0.0 0.0 0.0 0.0 0.0 0.0 0.0 0.0 0.0 0. 
0.0 0.0 0.0 0.0 0.0 0.0 0.0 0.0 0.0 0.0 0.0 0.0 0.0 0. 
09 113 128 150 168 183 243 278 327 327 336 333 338 331 308 
120 134 152 164 211 246 290 330 
27 140 158 187 220 256 300 3 
136 147 187 214 256 28k 
42 337 339 331 323 
o 11 
.o 8.8 14.o 30.o 44.8 60.6 77.o s 
112 127 
5.0 19.0 33.6 49.6 67.6 76.2 86.2 
• 
6.0 17.6 34.6 49.0 53.0 71.6 90.0 
.0 0.0 20.8 29.8 31.4 48.0 68.6 83. 
.0 5.6 12.4 16.0 33.6 52.2 69.2 88.0 
118 135 i5t 
346 345 336 3 
42 154 182 2 2 8 265\314 345 339 
, 162 192 237 
7 330 338 22 330/306 
Z 2 1 8 2 
4 118 134 151 
 221 278 31 
30 
12 125 138 162 2 
305 329/324 312 
. 
8.0 27.8 53.0 69.6 87.6 112 97.0 61.6 37.2 17.0 0.0 \ 0 . 0 
.o o.o o.o o.o o.o o.o o.o o.o 15.2 32.2 56.6 73.2 96.4 120 106 66.4 37.o 9.8 i · o ,, .o o.o o.o 
.0 18.0 39.6 63.2 73.4 100 131 115 75.4 39.6 10.s 
3.6 18.6 41.2 64,4 72.6 99.2 135 117 84.6 39.2 18.4 
5.2 25,0 46.2 68,0 78.6 105 132 111 85.6 54.2 18.8 0 0 . 0 
n 
.0 7.2 25.8 49.2 73.0 89.6 109 131 101 68.0 34.0 16.2 
3
.
0
,
 0.0 0.0 0.0 
3.2 17.6 28.0 47,0 81.2 98.0 123 128 93.6 57.2 34.2 18.4 0.0l 0.0 
. 13.2 25.4 38.8 53.8 84,0 105 126 125 97.2 58.2 32.2 11.8 Q.O 0.0 0.0 0.0 
.0 26,,8''25.6 33.6 45.0 64.4 94.2 112 128 123 103 74.6 34.6 9.2 
136 123 98.6 71.6 34.0 
8.5 83.4 71.9,,52.7 53.2 60.0 66.5 84.8 99.6 123 140 122 94.6 64.4 31.1 4.7 
0. 
5.2 
0.0 
0.0 
o.o o.o 
.0 0.0 0.0 
0.0 0.0 0.0 
0.0 
5.6 54.8 43.6 43.8 46.8 59.2 69.6 99.0 119 
.0 0.0 0.0 0.0 0.0 
0.0 0.0 0.0 
0,0 
0.0 \J.O 
0.0 
.0 0.0 0.0 
i 0 . 0 o.o 
0.0 
.0 0.0 0.0 
,n 
nn 
1 SorakersimdO 
0.0-17.4 37.0 49.6 64.2 
o.o o.o o.o o.o o.o o.o o.o o.o o.o o.o o.o o.o o.o o.o o.o o.o O& 8.4 -25.4 37.2 57.6 82.o 106 131 
0.0 0.0 0.0 0.0 0.0 0.0 0.0 0.0 0.0 0.0 0.0 0.0 0.0 0.0 0.0 0.0 0.0 0.0 6.2- 23.0 41.2 71.0 
"125 118 99.9 $6.6 65.0 67.8 74.4 83.7 99.8 113 128 149 122 94.7 61.2 32.5 4.6 
54 
141 132 120 106/94.2 90.7 85.8 81.5 91.9 107 120 133 150 125 92,7 58.4 32.2 4.6 
3 159 152 136 133 , 2 0 114 109 103 98.5 108 117 128 143 154 131 104 63.6 31.2 4.5 
85 184 164 160 147 142 138 127 123 118 111 115 127 135 149 162 137 105 69.2 30.9 7.8 
.0 
200 194 203 187 171 162 ,157 151 143 142 130 129 131 138 144 156 171 147 107 65.4 34.4 12.5 0. 
230 210 204 221 199 180 178 163 16$,455 152 147 145 146 149 154 164 179 150 107 68.3 39.8 19.4 4.8 OR, 
0 0.0 
274 241 232 212 214 208 189  187 184 17O°165 164 160 157 153 162 164 172 187 163 114 73.2 43.8 25.7 12.9 9.2 
0.0 
263 265 273 264 256 237 228 209 200 196 197 180 178 173 168 164 161 173 184 193 198 170 131 78.7 50.9 33.9 20.8 11.8 20 0. 
257 256 253 259 259 257 250 239 217 ,208 203 208 203 187 179 179 177 180 181 192 208 210 176 144 93.3 58.4 38.2 28.0 16.1 10.4 5.5 
O 324 S
"
6
2
5
5
 250 248 248 249 254 255 253 254 265 216 211 222 210 200 191 188 186 189 195 212 220 219 186 147 114 77.4 47.5 38.1 30.3 22.1 15.8 
285 240 241 238 238 240 246 251 259 260,281 268 219 225 218 207 198 194 193 194 200 217 233 230 189 155 127 88.6 62.1 48.s 39.3 30.o 23.5 
 
247 269 232 236 230 230 234 243 248 259 266 287 299 269 248 223 216 2.07 204 200 199 2.04 220 237 228 204 167 146 102 78.4 60.8 51.6 38.3 32.6 
2§7 272 228 227 239 2.30 222 219 218 238 238 253, 271 286 283 325 282 234 221 214 211 207 205 207 233 238 244 210 177 153 117 88.8 70,5 62.6 52.6 36.8 
297 264 240 213 198 200 216 216 203 209 229 232 244 276 283 284 313 330 286 276 223 219 215 214 216 233 237 245 219 193 163 126 99.6 81.6 74.2 61.7 62.1 
115 128 157 20' ' Q . , _ ? f \ 7 o'1'0230 207 193 185 190 199 200 207 217 228 2 5 0 279 291 286 293 306 331 318 232 232 223 224 226 238 243 251 
6.2 105 140 178 2X 
z 1 " 8 " 220 196 177 168 162 175 197 199 204 222 245 282 295 285 281 278 299 328 291 234 231 231 232 244 249 255 
·4 236 215 189 164 158 152 157 177 192 197/215 257 296 296 290 287 276 274 297 329 288 241 243 251 251 256 
• 212 184 162 139 138 141 140 165 175 210 259 292 298 294 294 281 271 263 279 313 278 249 252 257 259 
182 152 128 127 136 137 1 4 6 / 1 6 1 221 277 304 313 300 298 289 
278 
266 
2
6
0
 
279 330 278 257 262. 265 276 275 254 233 206 184 173 
210 
.0 0. 
0.0 
55 251 224 197 175 
271 259 236 214 186 158 
142 106 91.7 84.2 82.6 79.0 
244 221 178 155 126 100 95.0 93,3 96.9 
4 122 113 116 127 
128 121 209 147 
271 318 177 
321 320 324 322 287 267 270 282 265 265/265 259 249 218 207 
331 325 337 322 276 274 287 282 270 277 284 274 272 237 
3 302 282 283 2 8 4 281 282 288 
15 313 292 ,279 275 272 273 
345 345 336 33 327 322 294 277 270 26 
330 5 9 0 283 
9 0 µ 8 6 6 5a 
0.0 0.0 0.0 0.0 0.0 0.0 0.0 0.0 0.0 0.0 0.0 0.0 0.0 0.0 0.0 0.0 0.0 0.0 
0.0 0.0 0.0 0.0 0.0 0.0 0.0 0.0 0.0 0.0 0.0 0.0 0.0 0.0 0.0 0.0 0.0 0.0 0.0 
o.o o.o o.o o.o o.o o.o o.o o.o o.o o.o o.o o.o o.o o.o o.o o.o o.o o.o o.o o. 
o.o Siøk"!'tJ.6,!J0.4. os 123 179 1 
198 187 162 128 
o.o o.o o.o o.o o.o o.o o.o o.o o.o o.o o.o o.o o.o o.o o.o o.o o.o o.o 
. 11.0 436 80.0/966,114 163 184\187 175 154 127 113 
0.0 0.0 0.0 0.0 0.0 0.0 0.0 0.0 0.0 0.0 0.0 0.0 0.0 0.0 0.0 0.0 0.0 0.0 oo 
o.o o.o o.o o.o o.o o.o o.o o.o o.o o.o o.o o.o o.o o.o o.o o.o o.o o.o o.o 
o.o o.o o.o o.o o.o o.o o.o o.o o.o o.o o.o o.o o.o o.o o.o o.o o.o o.o o.o oc 15.& 3.2 552 71.6 102 ro 
12 
133 126 
1: 
0.0 0.0 0.0 0.0 0.0 0.0 0.0 0.0 0.0 0.0 0.0 0.0 0.0 0.0 0.0 0.0 0.0 0.0 0.0 0. 
4.6 19.6 49.8 61.f 72.5 95. 
• 
o.o o.o o.o o.o o.o o.o o.o o.o o.o o.o o.o o.o o.o o.o o.o o.o o.o o.o o.o o.o 
0.0 0.0 0.0 0.0 0.0 0.0 0.0 0.0 0.0 0.0 0.0 0.0 0.0 0.0 0.0 0.0 0.0 0.0 0.0 0.0 0.0 
o.o o.o o.o o.o o.o o.o o.o o.o o.o o.o o.o o.o o.o o.o o.o o.o o.o o.o o.o o.o o.o o. 
0.0 0.0 0.0 0.0 0.0 0.0 0.0 0.0 0.0 0.0 0.0 0.0 0.0 0.0 0.0 0.0 0.0 0.0 0.0 0.0 0.0 0.0 
o.o o.o o.o o.o o.o o.o o.o o.o o.o o.o o.o o.o o.o o.o o.o o.o o.o o.o o.o o.o o.o o.o 00 
o.o o.o o.o o.o o.o o.o o.o o.o o.o o.o o.o o.o o.o o.o o.o o.o o.o o.o o.o o.o o.o o.o o.o 20.4 38.5 58.8 54.6 5S,1 59.3 64.2 41.9 32.7 34.1 41.6 47.9 60.9 s1.o 95.1 176 219 23 
0.0 0.0 0.0 0.0 0.0 0.0 0.0 0.0 0.0 0.0 0.0 0.0 0.0 0.0 0.0 0.0 0.0 0.0 0.0 0.0 0.0 0. 
5.6 22.3 3;S!f'2 32. 44.5 56.2 41.7 55.1 25.5.32.7 35.7 46.3 64.4 76.2 77.5 186 199 
o.o o.o o.o o.o o.o o.o o.o o.o o.o o.o o.o o.o o.o o.o o.o o.o o.o o.o o.o o.o o.o 
o.o o.o o.o o.o o.o o.o o.o o.o o.o o.o o.o o.o o.o o.o o.o o.o o.o o.o o.o o.o o.o 0.u 0.8 11.4 17.7 1S.0 
: 
e.%,41.0 28.5 9.5 0.0 0.0 0 . 0 12.6 34.o 49.5 73.4 106 150 20 
0.0 0.0 0.0 0.0 0.0 0.0 0.0 0.0 0.0 0.0 0.0 0.0 0.0 0.0 0.0 0.0 0.0 0.0 0.0 0.0 0.0 
.0 5.2 11.5 10'2., 1 , 
4.2 24.5 A5 0.0 0, 
238 
• 
113 
1° 
157 
1 4 2 0 5 
111 
108 
7 150 143 120 106 
ye 
 
 . 8 / 1 7 2 £5 
12 
.o 23.4 40 os.6 82.6 
o 8.o 39.8 52.2 71.5 88.2 111 
.0 19.8 43.8 60.4 82.1 95.6 9 
244 
191 
171 
110 171 236 
0.0 0.0 
0.0 0.0 
0.0 0.0 
0.0 0.0 
0.0 0.0 
0.0 0.0 
0.0 0.0 
0.0 0.0 
0.0 0.0 
0.0 
.o 10.6,2:i.o 26:6,2?.1 6.s 50.1 36.2 19.4 16.0 Z87 24.8 32.s 51.1 64.7 77.3 156 
1 0 0 . 6 8 . 0 1 : 
1 2 4 Fiskeoppdrett1 
,O7 
97,334.7 77.8 77.5 8 . 
177/ 204 230254' 
84 
108 15 
171 202 
35 225 20 
42.8 74.6 9 8 . 2 ' M 5 136 187 24 208 200 17 
4 117 114 122 128 129 173 236 291 320 312 302 301 294 283 273 264 
409 113 115/116 166 213 264 321 333 320 321 307 296 284 270 266 
1 0 7 109 105 156 197 249 301 352 345 346 334 322 320 322 305 273 
o.o o.o o.o o.o o.o o.o o.o o.o o.o o.o o.o o.o o.o o.o o.o o.o o.o o.o o.o o.q,,,f3.s o4 9cf.8"<1.Q_3 129 161 75 168 145 124 107 tO0 
10076.4 96.4 108 171 227 281 328 354 364 352 345 343 346 336 305 277 
108 89.8 72.4 69.2 70.2 72.6 12 
112 97,#76.6 63.3 58.4 64.0 66.4 74.2 
1 106 105 942 71.7 57.2 55.1 59.5 66.o 74.9 136 187 22.0 298 347 422 433 
93.9 9?.9"° 89.6'-Qll.2 47.2 47.2 49.7 61.4 77.0 
7.4 31.8 51.2 72.5 87.2 88.A 84.6,64,6 78.6 59.4 47.6 41.4 43.5 59.0 92.0 115 125 181 23  302 352 401 415 452 
.0 22.0 48.3.67.5 84.1 80.6\ 
1 : 1 81.5 72.1 53.5 47.6 36.4 44.l 61.1 76.8 
9.2 32.4 52.2 75.0 65.7 i 
0.3 70.7 65.9 46.0 3s8 34.2 47.1 54.9 70.5 88.o 
291 335 374 
3 303 354 
92 350 370 355 323 333 a u 6 388 316 2763O3 
9.7 160 221 279 340 349 384 377 369 367 376 379 357 320 2.88 292. 305 348 391 385 376 380 
47 188 266 327 349 378 396 387 383 396 413 394 356 336 327 321 352 401 404 409 405 
2 245 334 399 423 407 402 415 439 
437 400 374 360 363 382 
430 391 
s 415 
412 
448 436 
4 
318 388 428 415 417 429 
4 
73 319 353 415 
urenesvika 0 
oo 0.0 
61 264 267 264 273 27 283 289 270 249 221 203 255 295 329 270 
266 268 276 28 289 320 310 265 245 235 277 307 278 2 
273 285 288 344 348 337 278 274 272 357 311 251 225 
472 
396 458 
4 
400 411 4 
276 329 373 414 
46 302 351 385 4 
0 0.0 0.0 0.0 0.0 0.0 0.0 0.0 0.0 0.0 0.0 0. 
1.8 7.1 4.1 
171 225 284 ss7 
417 444 458 
382 387 411 
432 480 478 478 
413 
36 489 486 487 
4
5
5
 
440 
4 
4 0 6 339 324 339 
422 
368 359 357 
400 397 387 
422 418 414 
468 451
I) 474 471
479
szo 443 
"4ss4; 
269 316 342 380 406 446 
5.4 18.3 39.1 63.8 96.8 111 197 
]9.7 29.5 54.8 89.8 117 177 238 
48 291 335 349 390 427 
271 299 340 390 430 
.o o.o\_o.o fr.9--....!).o o 
Kartvalg I Chart World I SOS! (høyremus!) [Bakgrunn 
] 
Kartnavn I 
3 0.0 13.1 o.o 
.o o.o o.o o. • .o 16.3 44.5 85.8 121 160 211 246 289 328 383 436 
O O.O O.O O.O O.O O.O O.O O.O O.O O.O O.O = 8 2 E a 6 0.0 0.0 O O 0.0 0.0 0.0 O.&, 6.1 38.3 79.4 112 161 199 
34 272 316 374 425 
o.o o.o o.o o.o \o.o 30.s 70.9 98.8 150 191 
CD-oversikt I Chart World-versjoner I 
Plotterlag <<< I >>> I   
A3 I 
B3  l[_C3 _D3  
Gamle II AK-områder I G3 
H3 I 
13 
Periode I Høyre museknapp endrer navn 
r,' , 
219 252 300 360 420 457 
178 2\9 243 293 384 416 447 
45 
. 1 124 162 196 252 338 374 400 
.5 141 
Olex