Dato rapportert: 15.11.2024
Selskap: Nova Sea Havbruk AS
Lokalitetsnavn: Skogsholmen
Nr
°
Min
°
Min
°
Min
°
Min
101
65
49,791
12
4,419
65
49,807
12
4,658
102
65
49,732
12
4,696
103
65
49,000
12
4,687
104
65
49,777
12
4,333
65
49,589
12
4,617
105
65
49,564
12
4,593
106
65
49,763
12
4,248
65
49,555
12
4,199
107
65
49,562
12
4,145
108
65
49,681
12
3,638
109
65
49,799
12
4,214
65
49,711
12
3,650
110
65
49,834
12
4,180
65
49,747
12
3,579
111
65
49,869
12
4,146
65
49,801
12
3,590
112
65
49,905
12
4,109
65
49,839
12
3,605
113
65
49,940
12
4,079
65
49,875
12
3,590
114
65
49,974
12
4,046
65
49,909
12
3,579
115
65
50,116
12
3,709
116
65
50,134
12
3,750
117
65
49,987
12
4,131
65
50,168
12
3,963
118
65
50,167
12
4,007
119
65
50,002
12
4,217
65
50,165
12
4,196
120
65
50,160
12
4,337
121
65
50,045
12
4,461
122
65
49,967
12
4,251
65
50,006
12
4,497
123
65
49,932
12
4,284
65
49,969
12
4,511
124
65
49,897
12
4,318
65
49,925
12
4,516
125
65
49,861
12
4,352
65
49,891
12
4,561
126
65
49,827
12
4,385
65
49,851
12
4,555
Nr
N
Ø
°
Min
°
Min
A
65
49,974
12
4,046
B
65
50,002
12
4,217
C
65
49,791
12
4,420
D
65
49,763
12
4,248
Hjørnepunkter ramme
Forankringspunkt anlegg
Start
Stopp (anker/fjellbolt)
N
Ø
N
Ø
Nr
°
Min
°
Min
°
Min
°
Min
F1
65
49,783
12
4,307
65
49,691
12
4,530
F2
65
49,688
12
4,526
F3
65
49,743
12
4,319
65
49,547
12
4,404
F4
65
49,545
12
4,383
F5
65
49,752
12
4,297
65
49,776
12
4,017
F6
65
49,789
12
4,029
F7
65
49,748
12
4,286
65
49,893
12
4,307
F8
65
49,907
12
4,337
Nr
N
Ø
°
Min
°
Min
A
65
49,755
12
4,296
B
65
49,743
12
4,326
C
65
49,736
12
4,309
D
65
49,748
12
4,279
N
Ø
°
Min
°
Min
MP anlegg
65
49,883
12
4,231
MP flåte
65
49,746
12
4,302
Hjørnepunkter flåte
Midtpunkt (MP)
Forankringspunkt flåte
Start
Stopp (anker/fjellbolt)
N
Ø
N
Ø