Vedlegg
Søknad om ny lokalitet
Lokalitet Helligvær Øst
Page 1 of 1
Arealet av rammen er 180 m x 450 m = 81 000 m2
10 bur i ramme 2 x 6 bur
Ramme 90 x 90 m bur
Nr
Nr
°
Min
°
Min
°
Min
°
Min
101
67
25,491 14
1,608
F1
67
25,512
14
1,316
102
67
25,414 14
1,457
F2
67
25,629
14
1,364
103
67
25,412 14
1,412
F3
67
25,630
14
1,393
104
67
25,409 14
1,296
F4
67
25,571
14
1,690
105
67
25,408 14
1,249
F5
67
25,562
14
1,695
106
67
25,406 14
1,131
F6
67
25,500
14
1,594
107
67
25,406 14
1,081
F7
67
25,498
14
1,582
108
67
25,489 14
0,818
F8
67
25,503
14
1,335
109
67
25,558 14
0,816
110
67
25,603 14
0,816
111
67
25,653 14
0,815
Nr
112
67
25,702 14
0,815
°
Min
°
Min
113
67
25,767 14
0,813
1
67
25,524
14
1,385
114
67
25,905 14
0,985
2
67
25,516
14
1,132
115
67
25,911 14
1,039
3
67
25,758
14
1,078
116
67
25,913 14
1,137
4
67
25,766
14
1,330
117
67
25,914 14
1,203
118
67
25,916 14
1,368
119
67
25,917 14
1,513
Nr
120
67
25,818 14
1,585
°
Min
°
Min
121
67
25,726 14
1,574
1
67
25,545
14
1,498
122
67
25,675 14
1,577
2
67
25,556
14
1,508
123
67
25,626 14
1,595
3
67
25,554
14
1,523
124
67
25,576 14
1,602
4
67
25,543
14
1,512
N
Ø
°
Min
°
Min
SP anlegg
67
25,641
14
1,231
SP flåte
67
25,550
14
1,510
Strømmåler
67
25,524
14
1,286
Data rapportert av Steinar Dalheim Eriksen
Tromsø 19.6.2017
Senterpunkter
N
Ø
Forankringspunkter flåte
N
Ø
Hjørnepunkter ramme
Hjørnepunkter flåte
N
Ø
N
Ø
Selskap
Lofoten Sjøprodukter AS
Lokalitetsnavn
Helligvær Øst
Forankringspunkter ramme