Diverse
Turer
Info
3D
Her
Sle estrek
Hardhet
Bunn
Snitt
0i:::::.
1200
<«
>»
27.6 31.5 35.5 402 43.8 4S.O 56.S 64.6 69.8 74.4 77.0 80.1 84.4 87.6 92.1 94.6 94.9 100 111 126 131 152 165
24.1 28.6 31.8 35.6 39.6 44.8 53.1 61.1 66.3 70.1 72.5 75.2 77.6 80.9 85.2 93.1 94.;U,j/l.8__1ll 127tl-1 153 165
21.1 249 27.6 ,·,.1 35_5 41.6 49.1 56.4 61.9 65.7 68.6 7o.6 n.o 75.8 81.5 87.o 95_',1Jl'.4ifl@1e,1fa • e w [ l ! ! I J
14.6 21.3 22.8 , ,.3 31.2 37,8 44,3 50,9 56,6 61.1 63,9 67,4 68,5 73,3 79,6 85.1 100 107 117 128 140 151 164
8.5 17,7 18.8 , !.5 27.5 34.1 38.3 45.3 51.3 57.5 60.6 65.5 67.9 73.3 79.1 88.6 102 110 119 129 140 150 163
10.7 14.5 l 1.9 22.2 25,6 30.4 39.4 47.3 54.6 60.5 !5.5 6S.O 739 82.2 91.3 \!Ji, 711 120 129 139 149 161
102 l !.8 14.9 22.2 28.0 31.4 47.3 55.1 61.2 65.9 70.8 79.0 85.5 94.3 f&r5J'
121 129 139 148 158
-
6 )o---
.
11.0 19.2-L6 4 29.0 44.9 56.0 62.3 6S.5 75.9 82.1 88.5 96.9 106 113 12
OQ l38 147 157
\ k----t,-'
,
.7 15,8 24.6 28.7 43.1 562 64,6 70,8 78,0 85,0 91.2 99.1 107 114 121 129 1
154
115 122 130 137 144
8.9 22.1 32.1 42.5 582 66.6 73.6 79.6 88.0 947.%\\al08
,8 16.7 29.7 47,0 59,0 68.1 75,3 81.8 89,3 96.6"'iil
,6 17.8 32.9 49.3 60.3 69.5 76.8 83.2 90.3 97.6 104 110
11.2 24.2 40.3 50.4 61.2 71.0 77.6 84.6 91
f53
11.0 20.4 34,4 44.2 52.2 62.5 72.8 80.2 85,8 92.2 98.,
.5 13.6 20.3 2S.6 38.7 47.5 55.0 642 74.6 81.8 87.0 91.9 97.6
11.8 19.3 26.7 35,3 43.5 51.5 58,8 66.7 75.5 82.0 87,4 91.7 96.7
1
14.1 21.6 29.2 37.9 46.4 55.0 61.9 68.4 75.7 81.5 86.3 90.0 94.1 97.5 93.4 89.5 88.,
.4 24o331.9 40.4 49.3 57.5 63.9 69.6 74.7 79.9 84.0 87.0 900 S9.9 S62 83.
8.3 26.3 34.3 42.8 50.9 58.3 64.2 68.7 72.8 76.4 79.7 82.2 83.5 79.9 789 79.9 78,
.4 27.3 36.0 43.8 51.0 57.S 62.6 65.9 68.3 70.8 73.1 73.3 709 712 73.6 74.9 73.7 73.7
,0 27.3 34,6 41.7 49,0 55,5 59.2 61.2 62.6 64.1 66.1 56,9 64.2 63.1 64.5 68.7 65,4 63,3 6
,6 25,6 32.0 38.5 45.5 51.2 53.9 54.5 54.3 56.6 58.0 50.6 56.8 57.6 55.9 61.1 55.1 55.1 6
8.7 23.2 28.9 34,9 41.4 46,5 47,3 46.7 45,9 48,8 49,8 49.1 49,3 52,4 53.5 55.1 52.5 52.6 5
20.2 25.3 30.6 366 41.5 39.7 38,6 37,9 31.2 31.8 36,2 36.4 38.9 47.8 46.4 47.0 48.6 4
.8 22.1 26.8 32.5 32.3 282 17.3 18.6 21.4 23.1 29.5 31.4 37.7 42.8 41.7 42.3 39.0 3
,8 18.7 21.5 25.7 30,6 35,9 37,9 38.2 36,9 34,4
141 145
136 140
500 meter
172 184 194 204 212 214 214 215 217
175 186 195 204 210 212 214 215 217
176 187 195 202 207 210 212 214 216
174 186 193 199 204 207 209 212 215
173 183 190 195 198 202 206 210 214
171 179 184 189 192 199 202 206
168 174 179 182 187 194 198 202
165 16S
161 164
% 160
149
144
189 1S4
7 187 189 192 193 191 190
184 181
81 183 183 184 187 185 184
178 177 176 178 177 175 180 178 175
175
172 173 173 173 174 171 162
173
166 166 165 165 168 166 159
170
157 152 147 151 154 157 155
169
153 147 145 140 139 144 150
167
155 14S 145 138 135 135 141
16
155 151 146 139 134 133 134
1 4
158 152 150 144 137 133 131
164 160 155 153 148 143 137 130
165 162 158 154 149 144 139 130
166 162 15S 154 148 142 138 131
166 162 158 153 147 140 137 129
146 140 136 128
144 139 133 127
143 136 129 126
1S8 186 184 182
184 180 178 176
178 175 172 169
162 169 164 162
160 161 158 151
155 151 147 134
151 132 128 118
144 11S 113 109
131 106 102 104
113 93.l 90.8 97.4
Auto
181 178
176 175
169 171
158 160
147 155
135 148
121 133
115 124
108 119
101 105
Relieff
Bokser
Print
12:00:29 @
179 180 181
176 177 176
172 172 172
163 166 166
158 156 156
148 14S 149
138 144 146
130 140 144
128 134 135
119 128 126
117 115 117
104 107 109
114 94,3 92.2 92,8 97.2 99.5
113 91.6 89.0 90.6 95.0 97.7
114 91.8 86.4 86.3 900 94.9 98.7 103 107
114 97.2 86,3 84,fu86,0 91.2 96,0 102 107
116 101 89.9 85.4 86.3 91.1 95.5 99.5 107
116 102 91.8 91.4 92.1 93,9 96.1 99.2 107
117 103 91.6 91.2 95.0 96.2 9°.i 103 107
166 169 175
164 168 174
162 169 173
154 163 169 172
153 162 168 171
150 158 165 169
142 154 160 168
.0 16.5 20.1 21.S 2U
302 33.5 34.8 32.4
149 153 157 166
.0 16.3 18,8 19.8 21.2 26.0 28.9 31.1 28.l
8.
147 152 158 163
,8 15.9 17.3 17.3 21.2 25.6 27.7 24.2 23.6 26
144 149 154 160
,4 15.3 15.6 ij$_3 7.2 21.9 26.5 21.2 19.9 23
137 141 144 149
,9 14.5 15.6 14.0
1 17.7 17.7
132 135 136 141
.5 14.6 16.3 17.2 17.S 21.4 19.3
127 132 131 136
.7 15.2 17.1 19.1 20.4 21.3 11.7 11.4 13,
126 130 130 135
.7 14.8 17.0 18.6 20.0 16.1 1 0 . 0 . 7 1
125 128 132 138
14.6 16.6 18.1 is.i 12.5 11.9 11.
123 125 131
15.6 17.0 15.3 10.7 13.6 14.
119 120 126
15.6 15.1 12.5 14.3 13.
114 113 114 121
13.5 13.6 13.
109 108 109 112
5 105 105 106 108
.1 101 102 105 108
.5 97.4 101 103 109
.2 S9.7 9S.2 102
.4 87.7 94.4 99.l
2 S6.1 89.9 93.1 9
,6 82.6 83,9 86.2
8.8
30.7 3
28.7 3
180 180 180 1S0 1S1 184 186
175 175 175 176 178 180 183
171 170 170 171 174 177 180
165 164 163 164 168 171 173
159 158 157 158 161 163 163
154 152 151 151 153 150 152
149 146 145 141 140 141 146
143 139 135 133 133 136 141
134 132 127 125 126 130 136
126 123 121 121 121 126 131
119 116 115 115 116 122 127
114 110 106 107 113 119 121
110 102 98.9 101 110 113 114
109 101 98.1 101 106 107 106
107 107 102 103 99.1 95.1 95.S
107 106 105 97.5 86.5 86,8 90,3
108 106 102 832 78.8 80.7 85.4
107 105 91.0 752 74.4 71!>.3 81.0
107 102 76.0 74.0 71.4 69.3 69.9
10S
107
109 104 89.0 73.1 70.9 67.2 65.9 65.2
107 92,3 71.1 69.5 67.2 65.5 65,0 64,8
101 797 59.2 59.8 63.5 63.0 62.4 65.4
134 118 117 119 117 115 113 108 87.4 61.7 55.0 52.4 52.3 56.l 61.0 65.0
130 131 124 124 120 116 110 103 73.8 55.2 50.2 48.8 48.6 51.3 57.0 64.7
131 126 121 113 104 92.7 57.7 51.2 48.9 45.5 45.8 49.5 56.5 65.S
130 122 115 107 97.7 66,3 52.0 48.7 47,5 4
45,8 47,9 54.7 63,9
117 110 101 S4.4 59.2 49.3 46.0 45.5 45.7 462 47.3 53.1 63.2
111 103 92.0 65.7 55.0 46.3 42.8 42.7 43.5 43.8 45.3 52.l 62.0
105 %.0 73.1 56.0 48.6 42.l 39.3 36.9 38.6 40.8 45.2 53.6 62.1
02 40.9 3S,l 36.5 35.2 35.4 38.2 46.1 54.6 61.6
.6 25.7 28.1 32.8 34.1 38.1 47.8 53.9 58.1
119
122
105 92.4 93.3 979 101 101 10S
108 96.8 98.4 99.3 104 107 109
103 108 109 110
109 111 111 110
114 114 112 110
21.3 28.0 333 42.5 48.9 53.0 43.3
17.4 22.8 33.3 42.7 46.7 50.6 29.l
12.5 22.3 34.2 40.7 44.2 30.5 21.0
12.5 25,0 32.8 38.2 37,6 15,9 15.7
16.2 24.2 27.6 35.6 24.6 13.6 13.1
17.3 199 26.5 32.8 14.8 12.5 12.2
14.9 19.1 27.7 23.7 13.2 12.2 12.l
2.S 19.3 26.8 19.1 12.2 12.7 12.4
,0 '/fl.7 23.7 15.5 13.4 12.9 12.3
.0
.
,2+ .2
6.4 [
5.9.
5,9
5.9
6-4,
7.54 7.7
8.8
7.8
S.l
8,0
8.9
Plotterlag
»> I Utlagt anleggIIUtlagtflteIITenktanleggI Tenktflåte l [ I J [ I ] c : : : H : : : ] _ _ ! _ J _ _ _ _ ! _ J
Periode I
9.5
1
7.1 ·1.8 15.1
1.
7.2 I ,9 16.3
1.
7.2 ;E 15.9
Æ'l.7
Sn/672:20/r212b2-f
:a
8.1
O l e x
3,0
8.1
-
-
-