Vedlegg
Endringssøknad lokalitet
36837 Kariskjæret
Dobbel ramme 6 x 2 = 12 bur 90 x 90 meters bur
Ny flåteplassering 2020
Nr
Nr
°
Min
°
Min
°
Min
°
Min
101
67
22,754 14
22,811
F1
67
22,945
14
22,547
102
67
22,737 14
22,555
F2
67
22,971
14
22,479
103
67
22,759 14
22,543
F3
67
22,991
14
22,441
104
67
22,783 14
22,422
F4
67
23,074
14
22,665
105
67
22,786 14
22,383
F5
67
23,071
14
22,725
106
67
22,799 14
22,358
F6
67
23,048
14
22,799
107
67
22,824 14
22,269
F7
67
22,940
14
22,965
108
67
22,855 14
22,213
F8
67
22,886
14
22,857
109
67
22,943 14
22,300
110
67
22,986 14
22,423
111
67
23,023 14
22,508
Nr
112
67
23,052 14
22,612
°
Min
°
Min
113
67
23,077 14
22,727
A
67
22,833
14
22,672
114
67
23,120 14
22,793
B
67
22,899
14
22,486
115
67
23,162 14
22,887
C
67
23,112
14
23,003
116
67
23,232 14
23,108
D
67
23,047
14
23,189
117
67
23,233 14
23,137
118
67
23,176 14
23,279
119
67
23,161 14
23,323
Nr
120
67
23,127 14
23,414
°
Min
°
Min
121
67
23,119 14
23,432
e
67
22,998
14
22,629
122
67
22,971 14
23,429
f
67
23,003
14
22,618
123
67
22,931 14
23,333
g
67
23,019
14
22,658
124
67
22,895 14
23,246
h
67
23,015
14
22,669
125
67
22,860 14
23,162
126
67
22,824 14
23,072
127
67
22,805 14
22,943
°
Min
°
Min
SP anlegg
67
22,973
14
22,837
SP flåte
67
23,009
14
22,644
SM
67
23,022
14
23,086
Dato: 14.02.2020
Repportert av: Steinar Dalheim Eriksen
N
Ø
N
Ø
Hjørnepunkter ramme
Hjørnepunkter flåte
N
Ø
N
Ø
N
Ø
Selskap
Lofoten Sjøprodukter AS
Lokalitetsnavn
36837 Kariskjæret ny flåte
Forankringspunkter ramme
Forankringspunkter flåte
Page 1 of 1