Vedlegg
Søknad
Lokalitet Kokvika 2023
Arealet av rammen er 180 m x 540 m = 97 200 m2
12 bur i ramme 2 x 6 bur
Ramme 90 x 90 m bur
Nr
Nr
°
Min
°
Min
°
Min
°
Min
101
66
24,581 12
58,370
F101
66
24,526
12
57,311
102
66
24,455 12
57,400
F102
66
24,526
12
57,307
103
66
24,460 12
57,375
F103
66
24,640
12
57,163
104
66
24,532 12
57,332
F104
66
24,649
12
57,166
105
66
24,533 12
57,320
F105
66
24,696
12
57,226
106
66
24,535 12
57,318
F106
66
24,737
12
57,245
107
66
24,516 12
57,128
F107
66
24,526
12
57,683
108
66
24,529 12
57,105
F108
66
24,516
12
57,657
109
66
24,659 12
57,152
110
66
24,693 12
57,168
111
66
24,697 12
57,169
Nr
112
66
24,752 12
57,183
°
Min
°
Min
113
66
24,756 12
57,184
A
66
24,616
12
57,495
114
66
24,814 12
57,175
B
66
24,638
12
57,246
115
66
24,816 12
57,176
C
66
24,938
12
57,389
116
66
24,832 12
57,193
D
66
24,916
12
57,636
117
66
24,883 12
57,212
118
66
24,941 12
57,247
119
66
25,305 12
57,313
Nr
120
66
25,269 12
57,449
°
Min
°
Min
121
66
25,213 12
57,494
e
66
24,598
12
57,298
122
66
25,215 12
57,498
f
66
24,614
12
57,261
123
66
25,238 12
57,558
g
66
24,621
12
57,281
124
66
25,269 12
57,664
h
66
24,605
12
57,318
125
66
25,240 12
57,704
126
66
25,282 12
57,896
127
66
25,280 12
58,021
N
Ø
128
66
24,859 12
58,416
°
Min
°
Min
129
66
24,791 12
58,384
SP anlegg
66
24,777
12
57,441
130
66
24,738 12
58,330
SP flåte
66
24,610
12
57,290
131
66
24,693 12
58,315
132
66
24,645 12
58,308
133
66
24,604 12
58,302
Data rapportert
21.12.2023
Peter Glad
Selskap
Nova Sea AS
Lokalitetsnavn
Kokvika
Forankringspunkter ramme
Senterpunkter
N
Ø
Forankringspunkter flåte
N
Ø
Hjørnepunkter ramme
Hjørnepunkter flåte
N
Ø
N
Ø
Page 1 of 2
        
Vedlegg
Søknad
Lokalitet Kokvika 2023
Page 2 of 2