Vedlegg 
Søknad om ny lokalitet
Lokalitet Helligvær Øst
Arealet av rammen er 180 m x 450 m = 81 000 m2
10 bur i ramme 2 x 5 bur
Ramme 90 x 90 m bur
Nr
Nr
°
Min
°
Min
°
Min
°
Min
101
67
25,083 14
1,863
F1
67
25,290
14
2,240
102
67
25,115 14
1,536
F2
67
25,396
14
2,145
103
67
25,127 14
1,504
F3
67
25,399
14
2,220
104
67
25,169 14
1,421
F4
67
25,396
14
2,409
105
67
25,181 14
1,403
F5
67
25,395
14
2,422
106
67
25,228 14
1,303
F6
67
25,371
14
2,456
107
67
25,246 14
1,285
F7
67
25,366
14
2,457
108
67
25,361 14
1,419
F8
67
25,303
14
2,342
109
67
25,383 14
1,535
110
67
25,403 14
1,649
111
67
25,443 14
1,740
Nr
112
67
25,462 14
1,847
°
Min
°
Min
113
67
25,483 14
1,966
1
67
25,188
14
1,696
114
67
25,467 14
2,273
2
67
25,270
14
1,563
115
67
25,456 14
2,300
3
67
25,396
14
2,106
116
67
25,415 14
2,384
4
67
25,314
14
2,238
117
67
25,399 14
2,415
118
67
25,368 14
2,479
119
67
25,353 14
2,492
Nr
120
67
25,253 14
2,335
°
Min
°
Min
121
67
25,232 14
2,224
1
67
25,347
14
2,289
122
67
25,197 14
2,126
2
67
25,357
14
2,275
123
67
25,161 14
2,034
3
67
25,360
14
2,289
124
67
25,122 14
1,949
4
67
25,350
14
2,304
N
Ø
°
Min
°
Min
SP anlegg
67
25,292
14
1,901
SP flåte
67
25,353
14
2,289
Strømmåler
67
25,290
14
1,831
Data rapportert av Steinar Dalheim Eriksen
Tromsø 4.4.2018
Selskap
Lofoten Sjøprodukter AS
Lokalitetsnavn
Helligvær Øst 
Forankringspunkter ramme
Senterpunkter
N
Ø
Forankringspunkter flåte
N
Ø
Hjørnepunkter ramme
Hjørnepunkter flåte
N
Ø
N
Ø
Page 1 of 1