Vedlegg
Søknad
Lokalitet Kalvøya midt 2025
Arealet av rammen er 180 m x 450 m = 81 000 m2
Bur: 90 m x 90 m
Nr
Nr
°
Min
°
Min
°
Min
°
Min
101
67
23,820 14
25,440
F1
67
23,787
14
25,028
102
67
23,765 14
25,147
F2
67
23,756
14
24,918
103
67
23,775 14
25,090
F3
67
23,755
14
24,765
104
67
23,794 14
25,033
F4
67
23,812
14
24,697
105
67
23,787 14
24,968
F5
67
23,907
14
24,714
106
67
23,812 14
24,786
F6
67
23,959
14
24,887
107
67
23,836 14
24,756
F7
67
23,963
14
25,128
108
67
23,915 14
24,716
F8
67
23,862
14
25,265
109
67
23,965 14
24,751
110
67
24,011 14
24,812
111
67
24,042 14
24,891
Nr
N
Ø
112
67
24,093 14
24,921
°
Min
°
Min
113
67
24,140 14
24,960
A
67
23,861
14
25,136
114
67
24,184 14
25,115
B
67
23,894
14
24,889
115
67
24,195 14
25,170
C
67
24,126
14
25,090
116
67
24,218 14
25,265
D
67
24,097
14
25,338
117
67
24,221 14
25,330
118
67
24,227 14
25,435
119
67
24,227 14
25,512
Nr
120
67
24,080 14
25,495
°
Min
°
Min
121
67
24,024 14
25,481
e
67
23,835
14
24,938
122
67 23,9781 14
25,470
f
67
23,843
14
24,886
123
67 23,9241 14
25,459
g
67
23,863
14
24,903
124
67
23,872 14
25,450
h
67
23,856
14
24,956
N
Ø
°
Min
°
Min
SP-anlegg
67
23,994
14
25,113
SP-flåte
67
23,849
14
24,921
Strømmåler 202
67
23,928
14
25,201
Data rapportert
Steinar Dalheim Eriksen
25.01.2026
Senterpunkter
N
Ø
Forankringspunkter flåte
N
Ø
Hjørnepunkter flåte
N
Ø
Hjørnepunkter rammene
Selskap
Lofoten Sjøprodukter AS
Lokalitetsnavn
Kalvøya Midt
Forankringspunkter ramme
Page 1 of 1