Påvekst av berggyltyngel, Bjølve
2023
2024
2025
Jan-23
Feb-23 Mar-23 Apr-23 May-23 Jun-23
Jul-23
Aug-23 Sep-23 Oct-23 Nov-23 Dec-23
Jan-24
Feb-24 Mar-24 Apr-24 May-24 Jun-24
Jul-24
Aug-24 Sep-24 Oct-24 Nov-24 Dec-24
Jan-25
Feb-25 Mar-25 Apr-25 May-25 Jun-25
Jul-25
Aug-25 Sep-25 Oct-25 Nov-25 Dec-25
Generasjon
G03-23
Temperatur
16
16
16
16
16
16
16
Snittvekt (gram)
14.0
18.0
22.0
26.0
31.0
35.0
35.0
Antall (x 1000)
1,000
975
950
925
900
400
200
Utsett/flytting
500
200
200
Biomasse (kg)
14,000 17,550 20,900 24,050 27,900 14,000
7,000
Disponibelt volum
300
300
300
300
300
150
75
Maks tetthet (kg/m3)
100
100
100
100
100
100
100
Tetthet (kg/m3)
47
59
70
80
93
93
93
Ant. Påvekstkar á 25 m3
12
12
12
12
12
6
3
G01-23
Temperatur
16
16
16
16
16
16
16
Snittvekt (gram)
14.0
18.0
22.0
26.0
31.0
35.0
35.0
Antall (x 1000)
1,000
975
950
925
900
400
200
Utsett/flytting
500
200
200
Biomasse (kg)
14,000 17,550 20,900 24,050 27,900 14,000
7,000
Disponibelt volum
150
225
300
300
300
150
75
Maks tetthet (kg/m3)
100
100
100
100
100
100
100
Tetthet (kg/m3)
93
78
70
80
93
93
93
Ant. Påvekstkar á 25 m3
6
9
12
12
12
6
3
G02-23
Temperatur
16
16
16
16
16
16
16
Snittvekt (gram)
14.0
18.0
22.0
26.0
31.0
35.0
35.0
Antall (x 1000)
1,000
975
950
925
900
400
200
Utsett/flytting
500
200
200
Biomasse (kg)
14,000 17,550 20,900 24,050 27,900 14,000
7,000
Disponibelt volum
150
225
300
300
300
150
75
Maks tetthet (kg/m3)
100
100
100
100
100
100
100
Tetthet (kg/m3)
93
78
70
80
93
93
93
Ant. Påvekstkar á 25 m3
6
9
12
12
12
6
3
G03-24
Temperatur
16
16
16
16
16
16
16
Snittvekt (gram)
14.0
18.0
22.0
26.0
31.0
35.0
35.0
Antall (x 1000)
1,000
975
950
925
900
400
200
Utsett/flytting
500
200
200
Biomasse (kg)
14,000 17,550 20,900 24,050 27,900 14,000
7,000
Disponibelt volum
150
225
300
300
300
150
75
Maks tetthet (kg/m3)
100
100
100
100
100
100
100
Tetthet (kg/m3)
93
78
70
80
93
93
93
Ant. Påvekstkar á 25 m3
6
9
12
12
12
6
3
G01-24
Temperatur
16
16
16
16
16
16
16
Snittvekt (gram)
14.0
18.0
22.0
26.0
31.0
35.0
35.0
Antall (x 1000)
1,000
975
950
925
900
400
200
Utsett/flytting
500
200
200
Biomasse (kg)
14,000 17,550 20,900 24,050 27,900 14,000
7,000
Disponibelt volum
150
225
300
300
300
150
75
Maks tetthet (kg/m3)
100
100
100
100
100
100
100
Tetthet (kg/m3)
93
78
70
80
93
93
93
Ant. Påvekstkar á 25 m3
6
9
12
12
12
6
3
Oppsummering
Antall (x 1000)
1,000
975
950
925
900
1,400
1,175
950
925
900
1,400
1,175
950
925
900
1,400
1,175
950
925
900
1,400
1,175
950
925
900
400
200
Utsett/flytting
500
200
200
500
200
200
500
200
200
500
200
200
500
200
200
Biomasse (kg)
14,000 17,550 20,900 24,050 27,900 28,000 24,550 20,900 24,050 27,900 28,000 24,550 20,900 24,050 27,900 28,000 24,550 20,900 24,050 27,900 28,000 24,550 20,900 24,050 27,900 14,000
7,000
Disponibelt volum
300
300
300
300
300
300
300
300
300
300
300
300
300
300
300
300
300
300
300
300
300
300
300
300
300
300
300
Maks tetthet (kg/m3)
100
100
100
100
100
100
100
100
100
100
100
100
100
100
100
100
100
100
100
100
100
100
100
100
100
100
100
Tetthet (kg/m3)
47
59
70
80
93
93
82
70
80
93
93
82
70
80
93
93
82
70
80
93
93
82
70
80
93
47
23
Ant. Påvekstkar á 25 m3
12
12
12
12
12
12
12
12
12
12
12
12
12
12
12
12
12
12
12
12
12
12
12
12
12
6
3