Vedlegg
Endringssøknad lokalitet
36837 Kariskjæret
Dobbel ramme 6 x 2 = 12 bur 90 x 90 meters bur
Areal ramme 540 m  x 180 m = 97200 m2
Nr
Nr
°
Min
°
Min
°
Min
°
Min
101
67
22,754 14
22,811
F1
67
23,105
14
22,516
102
67
22,737 14
22,555
F2
67
23,119
14
22,491
103
67
22,759 14
22,543
F3
67
23,162
14
22,437
104
67
22,783 14
22,422
F4
67
23,172
14
22,458
105
67
22,786 14
22,383
F5
67
23,209
14
22,790
106
67
22,799 14
22,358
F6
67
23,200
14
22,811
107
67
22,824 14
22,269
F7
67
23,154
14
22,835
108
67
22,855 14
22,213
F8
67
23,146
14
22,833
109
67
22,943 14
22,300
110
67
22,986 14
22,423
111
67
23,023 14
22,508
Nr
112
67
23,052 14
22,612
°
Min
°
Min
113
67
23,077 14
22,727
A
67
22,833
14
22,672
114
67
23,120 14
22,793
B
67
22,899
14
22,486
115
67
23,162 14
22,887
C
67
23,112
14
23,003
116
67
23,232 14
23,108
D
67
23,047
14
23,189
117
67
23,233 14
23,137
118
67
23,176 14
23,279
119
67
23,161 14
23,323
Nr
120
67
23,127 14
23,414
°
Min
°
Min
121
67
23,119 14
23,432
E
67
23,153
14
22,655
122
67
22,971 14
23,429
F
67
23,159
14
22,651
123
67
22,931 14
23,333
G
67
23,162
14
22,681
124
67
22,895 14
23,246
H
67
23,155
14
22,684
125
67
22,860 14
23,162
126
67
22,824 14
23,072
127
67
22,805 14
22,943
°
Min
°
Min
SP anlegg
67
22,973
14
22,837
SP flåte
67
23,157
14
22,667
SM
67
23,022
14
23,086
N
Ø
N
Ø
Hjørnepunkter ramme
Hjørnepunkter flåte
N
Ø
N
Ø
N
Ø
Selskap
Lofoten Sjøprodukter AS
Lokalitetsnavn
36837 Kariskjæret
Forankringspunkter ramme
Forankringspunkter flåte
Page 1 of 1