-340
-340
-330
-330
-330
-320
-320
-320
-320
-320
-310
-310
-310
-310
-310
-300
-300
-300
-300
-290
-290
-290
-290
-290
-280
-280
-280
-280
-270
-270
-270
-260
-260
-260
-260
-250
-250
-250
-250
-240
-240
-240
-240
-240
-240
-230
-230
-230
-230
-230
-230
-220
-220
-220
-220
-220
-220
-210
-210
-210
-210
-210
-200
-200
-200
-200
-200
-190
-190
-190
-190
-190
-190
-180
-180
-180
-180
-180
-180
-170
-170
-170
-170
-170
-170
-160
-160
-160
-160
-160
-160
-160
-150
-150
-150
-150
-150
-150
-140
-140
-140
-140
-140
-140
-140
-130
-130
-130
-130
-130
-130
-120
-120
-120
-120
-120
-120
-120
-110
-110
-110
-110
-110
-110
-110
-110
-110
-100
-100
-100
-100
-100
-100
-100
-100
-90
-90
-90
-90
-90
-90
-90
-80
-80
-80
-80
-80
-80
-80
-70
-70
-70
-70
-70
-70
-70
-60
-60
-60
-60
-60
-60
-60
-50
-50
-50
-50
-50
-50
-40
-40
-40
-40
-40
-40
-40
-30
-30
-30
-30
-30
-30
-30
-20
-20
-20
-20
-20
-20
-20
-10
-10
-10
280250
281000
281750
6770750
6771500
6772250
Bunnkart fra lokalitetsundersøkelse med
multistråleekkolodd ihht: NS-9415
HARDBAKKENESET
2m-Dybdekurver - 1/7.500
Gulen kommune
WGS84: 61 00.9N - 004 57.1E
UTM(32N): 281172 - 6771648
Kartdato: 6/2-2017
Kontrollert: Halvor Mohn
Oppdragsgiver:
Produsent:
Fil: hardbakkeneset_dybdekoter_7500_UTM32N_LAT.pdf
Nedre Åstveit 12 - 14
5106 Bergen, Norway
Phone:+47 90944171
office@nearshore.no
Nearshore
Survey AS
Firda
Seafood
0m
250m
500m
750m
S O G N E F J O R D E N
Hiserøyna
Kuholmen
-360m
-340m
-320m
-300m
-280m
-260m
-240m
-220m
-200m
-180m
-160m
-140m
-120m
-100m
-80m
-60m
-40m
-20m
0m