Vedlegg
 Søknad
lokalitet Bjørnøya
   
2x6 bur i ramme (180 x 540) med  160 m ringer
Nedsunket rammefortøyning  90 x 90 m bur
Nr
Nr
°
Min
°
Min
°
Min
°
Min
101
67
24,731 14
25,533
F101
67
24,848
14
25,414
102
67
24,766 14
25,441
F102
67
24,849
14
25,409
103
67
24,778 14
25,293
F103
67
24,892
14
25,278
104
67
24,892 14
25,280
F104
67
24,895
14
25,280
105
67
24,896 14
25,279
F105
67
25,005
14
25,530
106
67
24,998 14
25,284
F106
67
24,924
14
25,780
107
67
25,026 14
25,417
F107
67
24,930
14
25,370
108
67
25,046 14
25,562
F108
67
24,866
14
25,490
109
67
25,075 14
25,644
110
67 25,1118 14
25,727
111
67
25,154 14
25,800
Nr
112
67
25,193 14
25,868
°
Min
°
Min
113
67
25,241 14
26,064
A
67
24,850
14
25,672
114
67
25,273 14
26,290
B
67
24,920
14
25,497
115
67
25,233 14
26,359
C
67
25,121
14
26,047
116
67
25,200 14
26,365
D
67
25,051
14
26,222
117
67
25,174 14
26,423
118
67
25,243 14
26,684
119
67
25,201 14
27,004
Nr
120
67
25,080 14
27,027
°
Min
°
Min
121
67
24,908 14
26,647
e
67
24,882
14
25,439
122
67
24,892 14
26,481
f
67
24,901
14
25,402
123
67
24,865 14
26,358
g
67
24,910
14
25,437
124
67
24,832 14
26,269
h
67
24,891
14
25,476
125
67
24,812 14
26,132
126
67
24,773 14
26,047
127
67
24,723 14
25,988
N
Ø
°
Min
°
Min
SP anlegg
67
24,984
14
25,861
SP flåte
67
24,895
14
25,439
Strømmåler
67
25,008
14
25,833
Data rapportert 22.11.2023
Eva Synvis
Selskap
Lofoten Sjøprodukter AS
Lokalitetsnavn
Bjørnøya
Forankringspunkter ramme
Senterpunkter
N
Ø
Forankringspunkter flåte
N
Ø
Hjørnepunkter ramme
Hjørnepunkter flåte
N
Ø
N
Ø
Page 1