Selskap 
Lofoten Sjøprodukter AS 
Lokalitetsnavn 
36837 Kariskjæret ny flåte 
Dobbel ramme 6 x 2 = 12 bur 90 x 90 meters bur 
Ny fåteplassering 2020 
Forankringspunkter ramme 
Nr 
N 
Ø 
  
° 
Min 
° 
Min 
101 
67 
22,736 
14 
22,832 
102 
67 
22,740 
14 
22,558 
103 
67 
22,759 
14 
22,564 
104 
67 
22,786 
14 
22,447 
105 
67 
22,790 
14 
22,451 
106 
67 
22,805 
14 
22,336 
107 
67 
22,814 
14 
22,268 
108 
67 
22,856 
14 
22,222 
109 
67 
22,959 
14 
22,280 
110 
67 
22,995 
14 
22,411 
111 
67 
23,032 
14 
22,493 
112 
67 
23,044 
14 
22,660 
113 
67 
23,077 
14 
22,744 
114 
67 
23,119 
14 
22,804 
115 
67 
23,158 
14 
22,904 
116 
67 
23,240 
14 
23,121 
117 
67 
23,239 
14 
23,127 
118 
67 
23,146 
14 
23,275 
119 
67 
23,160 
14 
23,316 
120 
67 
23,130 
14 
23,412 
121 
67 
23,118 
14 
23,427 
122 
67 
22,980 
14 
23,394 
123 
67 
22,931 
14 
23,319 
124 
67 
22,895 
14 
23,230 
125 
67 
22,856 
14 
23,202 
126 
67 
22,828 
14 
23,050 
127 
67 
22,793 
14 
22,904 
  
  
  
  
  
Forankringspunkter flåte 
Nr 
N 
Ø 
  
° 
Min 
° 
Min 
F1 
67 
22,945 
14 
22,547 
F2 
67 
22,971 
14 
22,479 
F3 
67 
22,991 
14 
22,441 
F4 
67 
23,074 
14 
22,665 
F5 
67 
23,071 
14 
22,725 
F6 
67 
23,048 
14 
22,799 
F7 
67 
22,940 
14 
22,965 
F8 
67 
22,886 
14 
22,857 
Hjørnepunkter ramme 
Nr 
N 
Ø 
  
° 
Min 
° 
Min 
A 
67 
22,833 
14 
22,662 
B 
67 
22,899 
14 
22,490 
C 
67 
23,115 
14 
23,004 
D 
67 
23,049 
14 
23,185 
Hjørnepunkter flåte 
Nr 
N 
Ø 
  
° 
Min 
° 
Min 
e 
67 
22,998 
14 
22,629 
f 
67 
23,003 
14 
22,618 
g 
67 
23,019 
14 
22,658 
h 
67 
23,015 
14 
22,669 
  
N 
Ø 
  
° 
Min 
° 
Min 
SP anlegg 
67 
22,973 
14 
22,837 
SP flåte 
67 
23,009 
14 
22,644 
SM 
67 
23,022 
14 
23,086 
Dato: 14.02.2020 
 
Repportert av: Steinar Dalheim Eriksen 
 
Kvalitetssikring: Eva Synvis, 13.11.2023