39777 YTRE HADSELØYA
Koordinater
Anleggets midtpunkt
°
Min
°
Min
Midtpkt anlegg
68
30,081
14
35,140
Ankerområder
N
Ø
°
Min
°
Min
°
Min
°
Min
1
68
30,334
14
35,143
NE1
68
30,298
14
35,930
2
68
30,298
14
35,494
NE2
68
30,244
14
36,020
3
68
30,207
14
35,741
NE3
68
30,228
14
35,928
4
68
30,080
14
35,832
NE4
68
30,275
14
35,846
5
68
29,951
14
35,735
S1
68
29,759
14
35,245
6
68
29,859
14
35,477
S2
68
29,722
14
35,256
7
68
29,827
14
35,130
S3
68
29,719
14
35,083
8
68
29,862
14
34,787
S4
68
29,757
14
35,089
9
68
29,955
14
34,538
NW1
68
30,281
14
34,318
10
68
30,084
14
34,448
NW2
68
30,260
14
34,404
11
68
30,210
14
34,544
NW3
68
30,211
14
34,330
12
68
30,301
14
34,798
NW4
68
30,226
14
34,235
N
Ø
N
Ø
Godkjent anleggsareal