Vedlegg  
Søknad
Lokalitet Sandvika
Selskap
KIME AKVA AS
Lokalitetsnavn
Sandvika
Arealet av rammen er 200 m x 500 m = 100 000 m2
10 bur i ramme 2 x 5 bur
Ramme 100 x 100 m bur
Forankringspunkter ramme
Forankringspunkter flåte
Nr
N
Ø
Nr
N
Ø
°
Min
°
Min
°
Min
°
Min
101
66
17,715 12
53,061
F101
66
17,476
12
53,480
102
66
17,791 12
53,076
F102
66
17,565
12
53,632
103
66
17,883 12
53,053
F103
66
17,611
12
54,446
104
66
17,969 12
54,288
F104
66
17,470
12
54,294
106
66
17,912 12
54,521
F105
66
17,272
12
54,173
106
66
17,946 12
54,417
F106
66
17,249
12
54,097
107
66
17,879 12
54,623
F107
66
17,289
12
53,561
108
66
17,847 12
54,724
F108
66
17,333
12
53,515
109
66
17,815 12
54,830
110
66
17,256 12
54,558
Hjørnepunkter ramme
111
66
17,293 12
54,314
Nr
N
Ø
112
66
17,230 12
54,030
°
Min
°
Min
113
66
17,352 12
53,459
A
66
17,631
12
53,246
114
66
17,391 12
53,377
B
66
17,703
12
53,451
115
66
17,439 12
53,294
C
66
17,500
12
53,896
116
66
17,463 12
53,156
D
66
17,428
12
53,692
117
66
17,507 12
53,082
118
66
17,552 12
53,004
Hjørnepunkter flåte
Nr
N
Ø
°
Min
°
Min
e
66
17,428
12
53,774
f
66
17,442
12
53,815
g
66
17,434
12
53,832
h
66
17,419
12
53,792
Senterpunkter
N
Ø
°
Min
°
Min
SP-anlegg
66
17,566
12
53,571
SP-flåte
66
17,431
12
53,803
Data rapportert
Page 1 of 1