14. 
6 8 . 9 4 3 0 . 5 7 
78.4 
994  
)01 
15. 
.. 
15. )15 
15. )22 
15. )29 
15. )36 
8.1 108.( 
107.1 
96.54 
4 
90.73 
97.68 
100.35 
95.27 
91.5 
100.77 
66.33 
86.93 
78.91 
12. 
99.48 
94 89 
51.83 
88.55 
15.88 
8 
93.53 
96.6 
101.1&% 
94.03 
49.5 
52.51 
104.69 
1 
10. 1.04 
89.22 
49. 
68 45 
91.3 
103.38 
90.8 
78.0 
9 . 1 B 
58.55 
104.64 
95.92 
102.38 
35 
23 
95.b, 
100.!49 
84.06 
1 I 
vu.;,,..Jv 
85.22 
99.66 
102.32 
102.79 
OceanPro AS 
98.52 
85.41 
95.36 
95.97 
89.22 
82.96 
72.38 
93.9 
62.88 
70.65 
89.2 
86.48 
88.63 
76.19. 
528 
90.82 
25 3. 
49,05 38.61 
Tegnforklaring 
Anleggsramme 
Flåte 
Fortøyning 
Målestokk: 1:8000 
35 
65.76 
3.58 
).99 
88.63 
36.98 
- 46.o9 
47. 
37.37 
.88 33.23 
5 
36.54 
3.86 45 
30 
25 22.27 
30. 6 
27.36 
3 27 
24.95 
15.97 
41 
86 
62.75 
27.48 
85.19 
72. 
53. 
5 4 . 9 6 
15.71319° 47.89 5 
61.64 
26.86 31.27 28.( 
5.12 
35 
53 
34 
3.64 
o.42 
61.5 
6 28 47.4 
9.24 
7.62 
8 , 9 9 
83.56 
i.64 
12 
42 
17.57 
55.68' 
25.78 
2 
29/1 
29,49 2 5 0 
0 
46,74 
69.85 
500 m 
?.81 
56.7 
71.32 
76.14 
45.14 
77.25 
3.99 
32. 
42. 
69.0 
34.2 
  
52.73 
8 
27.17 
2.28 
23.56 
28.41 
7( .1 
30.92 
74.35 
70.31 
53.65 
74.53 
61.9 
3. 
55.41 
70.5 5 
6 
53.48,2 
8 54.33 
4.79, 38.16 
18.79 
60.27