Vedlegg  
Søknad om ny lokalitet
Lokalitet Helligvær Øst
Selskap
Lofoten Sjøprodukter AS
Lokalitetsnavn
Helligvær Øst 
Arealet av rammen er 160 m x 400 m = 64 000 m2
10 bur i ramme 2 x 5 bur
Ramme 80 x 80 m bur
Forankringspunkter ramme
Forankringspunkter flåte
Nr
N
Ø
Nr
N
Ø
°
Min
°
Min
°
Min
°
Min
101
67
25,110 14
1,916
F1
67
25,296
14
2,186
102
67
25,129 14
1,555
F2
67
25,385
14
2,141
103
67
25,138 14
1,536
F3
67
25,403
14
2,203
104
67
25,177 14
1,442
F4
67
25,402
14
2,408
105
67
25,196 14
1,462
F5
67
25,395
14
2,423
106
67
25,237 14
1,372
F6
67
25,286
14
2,339
107
67
25,258 14
1,346
F7
67
25,282
14
2,307
108
67
25,362 14
1,508
F8
67
25,285
14
2,198
109
67
25,396 14
1,582
110
67
25,414 14
1,686
Hjørnepunkter ramme
111
67
25,451 14
1,765
Nr
N
Ø
112
67
25,465 14
1,870
°
Min
°
Min
113
67
25,484 14
1,978
A
67
25,207
14
1,750
114
67
25,467 14
2,273
B
67
25,281
14
1,632
115
67
25,457 14
2,297
C
67
25,392
14
2,113
116
67
25,415 14
2,384
D
67
25,319
14
2,231
117
67
25,405 14
2,405
118
67
25,368 14
2,480
Hjørnepunkter flåte
119
67
25,353 14
2,493
Nr
N
Ø
120
67
25,258 14
2,330
°
Min
°
Min
121
67
25,239 14
2,235
e
67
25,346
14
2,270
122
67
25,214 14
2,138
f
67
25,357
14
2,275
123
67
25,171 14
2,069
g
67
25,356
14
2,291
124
67
25,135 14
1,999
h
67
25,345
14
2,286
Senterpunkter
N
Ø
°
Min
°
Min
SP anlegg
67
25,300
14
1,931
SP flåte
67
25,351
14
2,281
Strømmåler
67
25,291
14
1,831
Data rapportert
Page 1 of 1